date,open,high,low,close,volume,adj close
2012-09-12,11.44,11.6,11.4,11.54,11555700,11.54
2012-09-11,11.22,11.51,11.21,11.37,16470300,11.37
2012-09-10,11.68,11.69,11.23,11.25,17318500,11.25
2012-09-07,11.53,11.7,11.43,11.64,13473400,11.64
2012-09-06,11.2,11.57,11.1,11.47,18738300,11.47
2012-09-05,10.89,11.14,10.79,11.1,13487100,11.1
2012-09-04,10.93,10.96,10.68,10.86,8483900,10.86
2012-08-31,10.93,10.98,10.81,10.92,11010100,10.92
2012-08-30,10.83,10.86,10.73,10.8,8712600,10.8
2012-08-29,10.64,10.92,10.63,10.88,11832900,10.88
2012-08-28,10.69,10.83,10.57,10.66,14517200,10.66
2012-08-27,10.94,10.97,10.69,10.7,12055600,10.7
2012-08-24,10.86,11.0,10.78,10.85,14997400,10.85
2012-08-23,11.13,11.17,10.92,10.98,12380900,10.98
2012-08-22,11.24,11.31,11.07,11.12,11241000,11.12
2012-08-21,11.22,11.27,11.15,11.21,15121800,11.21
2012-08-20,11.38,11.4,11.23,11.24,15241900,11.24
2012-08-17,11.44,11.46,11.3,11.34,19308000,11.34
2012-08-16,11.33,11.49,11.32,11.38,19146900,11.38
2012-08-15,11.27,11.63,10.99,11.49,93870600,11.49
2012-08-14,13.36,13.62,13.3,13.46,12107000,13.46
2012-08-13,13.28,13.42,13.21,13.36,7077900,13.36
2012-08-10,13.25,13.41,13.21,13.41,4775800,13.41
2012-08-09,13.35,13.46,13.25,13.31,4788900,13.31
2012-08-08,13.2,13.49,13.17,13.33,6759200,13.33
2012-08-07,13.16,13.34,13.14,13.3,7745100,13.3
2012-08-06,12.97,13.18,12.93,13.08,9849700,13.08
2012-08-03,12.69,12.99,12.66,12.93,9950600,12.93
2012-08-02,12.6,12.63,12.4,12.52,13308900,12.52
2012-08-01,12.78,12.84,12.65,12.67,11752300,12.67
2012-07-31,12.7,12.84,12.62,12.74,11831200,12.74
2012-07-30,12.47,12.82,12.45,12.74,12301100,12.74
2012-07-27,12.5,12.61,12.32,12.47,22833500,12.47
2012-07-26,12.35,12.55,12.33,12.42,11349200,12.42
2012-07-25,12.31,12.34,12.1,12.15,10218900,12.15
2012-07-24,12.48,12.52,12.25,12.31,14768800,12.31
2012-07-23,12.29,12.56,12.16,12.47,13965800,12.47
2012-07-20,12.74,12.76,12.43,12.47,11265500,12.47
2012-07-19,12.81,12.94,12.7,12.76,8082900,12.76
2012-07-18,12.4,12.95,12.38,12.79,6724400,12.79
2012-07-17,12.66,12.68,12.41,12.63,5424900,12.63
2012-07-16,12.45,12.57,12.25,12.53,9137700,12.53
2012-07-13,12.44,12.57,12.34,12.41,8975400,12.41
2012-07-12,12.6,12.6,12.38,12.44,8938700,12.44
2012-07-11,12.85,12.87,12.62,12.73,11136000,12.73
2012-07-10,13.05,13.15,12.88,12.97,7365400,12.97
2012-07-09,13.13,13.2,12.98,13.04,5961200,13.04
2012-07-06,13.07,13.25,12.91,13.22,7856100,13.22
2012-07-05,13.11,13.3,13.07,13.17,8835200,13.17
2012-07-03,13.0,13.26,12.98,13.17,4539300,13.17
2012-07-02,13.1,13.13,12.9,13.02,7764400,13.02
2012-06-29,12.84,13.06,12.8,13.05,13320300,13.05
2012-06-28,12.6,12.66,12.45,12.59,8761300,12.59
2012-06-27,12.61,12.72,12.57,12.66,6653500,12.66
2012-06-26,12.26,12.67,12.26,12.6,10989500,12.6
2012-06-25,12.64,12.71,12.22,12.24,11879000,12.24
2012-06-22,12.71,12.85,12.61,12.75,12599800,12.75
2012-06-21,13.04,13.1,12.61,12.64,13671900,12.64
2012-06-20,12.92,13.11,12.89,13.03,11461600,13.03
2012-06-19,12.8,13.0,12.75,12.99,9164200,12.88
2012-06-18,12.63,12.76,12.52,12.74,7337200,12.63
2012-06-15,12.66,12.68,12.55,12.67,7485900,12.56
2012-06-14,12.55,12.69,12.53,12.63,8546600,12.52
2012-06-13,12.66,12.78,12.49,12.54,9554300,12.43
2012-06-12,12.79,12.89,12.48,12.76,8468100,12.65
2012-06-11,12.94,13.01,12.54,12.57,6010900,12.46
2012-06-08,12.74,12.89,12.7,12.86,6117000,12.75
2012-06-07,13.04,13.06,12.76,12.78,22095400,12.67
2012-06-06,12.74,13.02,12.74,12.92,17201600,12.81
2012-06-05,12.76,12.91,12.66,12.74,9667100,12.63
2012-06-04,12.82,12.9,12.53,12.76,9883800,12.65
2012-06-01,12.91,13.01,12.71,12.76,13424400,12.65
2012-05-31,13.4,13.4,13.13,13.14,17806600,13.03
2012-05-30,13.52,13.55,13.27,13.37,8629000,13.26
2012-05-29,13.58,13.7,13.48,13.6,12940700,13.48
2012-05-25,13.48,13.58,13.37,13.41,8986900,13.3
2012-05-24,13.67,13.69,13.42,13.49,11525500,13.38
2012-05-23,13.57,13.7,13.46,13.65,12533900,13.53
2012-05-22,13.44,13.65,13.33,13.61,14872500,13.49
2012-05-21,13.09,13.38,12.94,13.35,10369300,13.24
2012-05-18,13.29,13.35,13.02,13.07,12011700,12.96
2012-05-17,13.87,13.91,13.14,13.22,20964600,13.11
2012-05-16,14.21,14.25,13.46,13.91,37943700,13.79
2012-05-15,15.08,15.24,14.66,14.75,17952200,14.63
2012-05-14,14.84,15.17,14.77,15.09,12561800,14.96
2012-05-11,14.9,15.18,14.86,14.92,8028000,14.79
2012-05-10,14.9,15.0,14.88,14.96,9028200,14.83
2012-05-09,14.86,14.99,14.74,14.93,8502700,14.8
2012-05-08,14.76,15.08,14.69,15.0,16354200,14.87
2012-05-07,14.83,14.94,14.72,14.84,5605500,14.71
2012-05-04,15.03,15.07,14.81,14.86,8896700,14.73
2012-05-03,15.27,15.38,15.09,15.12,7399200,14.99
2012-05-02,15.12,15.37,15.06,15.26,6813300,15.13
2012-05-01,15.42,15.42,15.1,15.15,12871400,15.02
2012-04-30,15.71,15.73,15.34,15.4,8759500,15.27
2012-04-27,15.65,15.88,15.54,15.76,7032700,15.63
2012-04-26,15.29,15.64,15.29,15.55,4968400,15.42
2012-04-25,15.37,15.48,15.25,15.39,5163300,15.26
2012-04-24,15.27,15.37,15.14,15.25,9586300,15.12
2012-04-23,15.57,15.62,15.28,15.29,10809100,15.16
2012-04-20,15.77,15.77,15.56,15.66,5726700,15.53
2012-04-19,15.94,15.98,15.55,15.66,8381600,15.53
2012-04-18,15.99,16.09,15.88,15.97,6627100,15.83
2012-04-17,15.73,16.02,15.6,15.98,7563700,15.84
2012-04-16,15.61,15.77,15.53,15.67,5096700,15.54
2012-04-13,15.55,15.66,15.44,15.53,9263200,15.4
2012-04-12,15.65,15.8,15.64,15.66,11185800,15.53
2012-04-11,15.7,15.73,15.57,15.63,8597000,15.5
2012-04-10,15.86,15.92,15.38,15.48,14361900,15.35
2012-04-09,15.81,15.93,15.77,15.92,7475200,15.79
2012-04-05,16.0,16.15,15.89,16.06,10490600,15.92
2012-04-04,16.41,16.47,15.96,16.07,14019600,15.93
2012-04-03,16.4,16.57,16.38,16.5,10181800,16.36
2012-04-02,16.24,16.59,16.22,16.5,11701200,16.36
2012-03-30,16.58,16.64,16.16,16.19,16820800,16.05
2012-03-29,16.45,16.54,16.34,16.52,7620400,16.38
2012-03-28,16.61,16.66,16.39,16.53,8738100,16.39
2012-03-27,16.86,16.9,16.59,16.62,7955100,16.48
2012-03-26,16.72,16.88,16.72,16.84,6708800,16.7
2012-03-23,16.84,16.84,16.49,16.58,9701500,16.44
2012-03-22,16.51,16.83,16.48,16.74,7727000,16.6
2012-03-21,16.68,16.75,16.49,16.64,7017000,16.5
2012-03-20,16.41,16.93,16.27,16.77,8823200,16.52
2012-03-19,16.36,16.48,16.23,16.46,6590100,16.21
2012-03-16,16.45,16.55,16.3,16.42,13048900,16.17
2012-03-15,15.99,16.51,15.83,16.49,16181500,16.24
2012-03-14,15.61,16.02,15.61,15.95,11507900,15.71
2012-03-13,15.41,15.58,15.4,15.54,10809000,15.31
2012-03-12,15.4,15.46,15.19,15.4,6418400,15.17
2012-03-09,15.37,15.57,15.31,15.4,6444300,15.17
2012-03-08,15.44,15.6,15.27,15.38,8912500,15.15
2012-03-07,15.38,15.51,15.25,15.41,8375300,15.18
2012-03-06,14.93,15.37,14.88,15.37,15352900,15.14
2012-03-05,15.38,15.6,14.94,15.05,9862900,14.82
2012-03-02,15.49,15.56,15.15,15.36,15813100,15.13
2012-03-01,14.84,15.39,14.75,15.38,19632200,15.15
2012-02-29,15.7,15.7,14.37,14.66,43527700,14.44
2012-02-28,15.34,16.08,15.29,16.0,15161300,15.76
2012-02-27,15.19,15.32,15.13,15.24,4915900,15.01
2012-02-24,15.42,15.42,15.23,15.28,5326200,15.05
2012-02-23,15.28,15.48,15.26,15.36,5619000,15.13
2012-02-22,15.18,15.31,15.01,15.26,5818800,15.03
2012-02-21,15.18,15.24,15.11,15.17,5590800,14.94
2012-02-17,15.15,15.32,15.1,15.15,5849500,14.92
2012-02-16,15.13,15.23,15.01,15.14,4887600,14.91
2012-02-15,14.91,15.23,14.9,15.04,9355900,14.81
2012-02-14,14.89,14.94,14.69,14.9,6434400,14.68
2012-02-13,14.88,14.94,14.74,14.89,4854200,14.67
2012-02-10,14.6,14.77,14.46,14.76,9785100,14.54
2012-02-09,14.99,15.0,14.52,14.71,11111700,14.49
2012-02-08,14.96,15.0,14.86,14.89,7703800,14.67
2012-02-07,14.86,15.01,14.78,14.96,5979500,14.74
2012-02-06,14.78,14.93,14.7,14.88,4743100,14.66
2012-02-03,14.68,14.94,14.61,14.77,8651000,14.55
2012-02-02,14.67,14.69,14.35,14.49,14877800,14.27
2012-02-01,14.84,14.99,14.67,14.69,11902400,14.47
2012-01-31,15.25,15.28,14.63,14.63,14377500,14.41
2012-01-30,15.46,15.64,15.05,15.23,13265000,15.0
2012-01-27,15.93,16.12,15.85,16.01,5049300,15.77
2012-01-26,16.31,16.34,15.85,15.95,8522300,15.71
2012-01-25,16.03,16.26,15.85,16.19,8616900,15.95
2012-01-24,15.8,16.1,15.68,16.05,7781200,15.81
2012-01-23,15.89,16.16,15.75,15.81,6457400,15.57
2012-01-20,15.92,16.06,15.79,16.0,8119000,15.76
2012-01-19,15.44,15.97,15.44,15.95,9155500,15.71
2012-01-18,15.07,15.48,15.05,15.45,8434600,15.22
2012-01-17,15.01,15.14,14.94,15.0,6551400,14.78
2012-01-13,15.0,15.07,14.8,14.89,6611800,14.67
2012-01-12,15.1,15.21,14.93,15.07,8050300,14.84
2012-01-11,14.93,15.12,14.85,15.02,6253500,14.8
2012-01-10,15.01,15.15,14.92,15.02,6656500,14.8
2012-01-09,14.64,14.9,14.57,14.83,6098900,14.61
2012-01-06,14.41,14.79,14.4,14.51,7993800,14.29
2012-01-05,14.45,14.49,14.3,14.42,7537300,14.2
2012-01-04,14.23,14.47,14.18,14.45,10063400,14.23
2012-01-03,14.12,14.31,14.12,14.22,6772700,14.01
2011-12-30,13.92,14.06,13.84,13.89,3076400,13.68
2011-12-29,13.89,14.0,13.88,13.93,4479700,13.72
2011-12-28,14.17,14.19,13.9,13.93,3573800,13.72
2011-12-27,14.19,14.24,14.06,14.16,2626700,13.95
2011-12-23,14.18,14.2,14.04,14.18,3857900,13.97
2011-12-22,14.12,14.16,14.03,14.06,6269500,13.85
2011-12-21,14.1,14.2,13.99,14.06,6812800,13.85
2011-12-20,14.0,14.39,14.0,14.24,6991500,13.93
2011-12-19,14.13,14.23,13.75,13.8,8351800,13.5
2011-12-16,14.12,14.32,13.99,14.08,14041900,13.77
2011-12-15,14.34,14.41,13.99,14.02,11047900,13.71
2011-12-14,14.27,14.38,14.18,14.2,7156900,13.89
2011-12-13,14.8,14.83,14.25,14.33,7982600,14.02
2011-12-12,14.66,14.73,14.45,14.7,5796500,14.38
2011-12-09,14.53,14.85,14.53,14.67,6432500,14.35
2011-12-08,14.79,14.92,14.51,14.54,6066200,14.22
2011-12-07,14.83,14.95,14.65,14.88,9401700,14.55
2011-12-06,15.19,15.2,14.79,14.88,10826700,14.55
2011-12-05,15.1,15.19,14.49,15.13,12202000,14.8
2011-12-02,14.4,14.54,14.31,14.33,8106100,14.02
2011-12-01,14.4,14.68,14.29,14.32,9245600,14.01
2011-11-30,14.57,14.69,14.32,14.41,12945000,14.09
2011-11-29,14.09,14.41,14.06,14.24,9800700,13.93
2011-11-28,14.03,14.1,13.87,14.08,10867100,13.77
2011-11-25,13.74,13.93,13.68,13.68,3753600,13.38
2011-11-23,14.0,14.01,13.85,13.85,9502900,13.55
2011-11-22,13.87,14.12,13.85,14.12,10855000,13.81
2011-11-21,13.92,14.1,13.77,14.0,9690600,13.69
2011-11-18,14.05,14.19,13.99,14.1,9714400,13.79
2011-11-17,14.4,14.49,13.96,14.08,11144500,13.77
2011-11-16,14.59,14.96,14.37,14.4,10187900,14.08
2011-11-15,14.55,14.93,14.27,14.81,19495200,14.49
2011-11-14,15.3,15.55,15.11,15.37,9987400,15.03
2011-11-11,14.66,15.52,14.66,15.43,9561300,15.09
2011-11-10,14.93,14.94,14.49,14.54,9267400,14.22
2011-11-09,14.95,15.09,14.63,14.67,9198300,14.35
2011-11-08,15.0,15.31,14.69,15.29,7483000,14.96
2011-11-07,14.86,14.98,14.56,14.89,5935600,14.56
2011-11-04,14.69,14.95,14.51,14.87,5484300,14.54
2011-11-03,14.44,14.85,14.28,14.82,6287900,14.5
2011-11-02,14.33,14.54,14.18,14.38,6905000,14.07
2011-11-01,14.52,14.72,14.11,14.27,11683900,13.96
2011-10-31,14.73,15.09,14.59,14.96,15834700,14.63
2011-10-28,14.81,15.0,14.7,14.84,10844800,14.52
2011-10-27,15.0,15.23,14.51,14.83,18340300,14.51
2011-10-26,14.6,14.74,14.2,14.66,7654400,14.34
2011-10-25,15.01,15.05,14.43,14.47,8101900,14.15
2011-10-24,14.9,15.3,14.85,15.09,8707000,14.76
2011-10-21,14.88,14.91,14.6,14.89,8534500,14.56
2011-10-20,14.64,14.8,14.43,14.73,6300300,14.41
2011-10-19,14.76,14.92,14.55,14.6,8919400,14.28
2011-10-18,14.37,14.93,14.18,14.78,6095900,14.46
2011-10-17,14.76,14.95,14.29,14.34,5726100,14.03
2011-10-14,14.85,14.96,14.6,14.87,5698200,14.54
2011-10-13,14.75,14.95,14.5,14.75,7184900,14.43
2011-10-12,14.61,14.95,14.4,14.8,9667200,14.48
2011-10-11,14.59,14.59,14.25,14.4,8608600,14.08
2011-10-10,14.43,14.91,14.43,14.6,9530000,14.28
2011-10-07,14.35,14.48,14.02,14.21,9054000,13.9
2011-10-06,13.85,14.37,13.82,14.32,7849800,14.01
2011-10-05,13.33,13.88,13.25,13.84,9670700,13.54
2011-10-04,12.65,13.27,12.38,13.26,20278300,12.97
2011-10-03,13.11,13.44,12.77,12.79,10206100,12.51
2011-09-30,13.6,13.66,13.3,13.3,7128200,13.01
2011-09-29,13.97,14.13,13.51,13.76,9843900,13.46
2011-09-28,13.8,14.06,13.72,13.74,11922700,13.44
2011-09-27,13.64,14.0,13.54,13.7,10884000,13.4
2011-09-26,13.35,13.48,13.16,13.44,9318800,13.15
2011-09-23,13.12,13.32,13.02,13.22,11069000,12.93
2011-09-22,13.1,13.54,13.02,13.12,18883100,12.83
2011-09-21,14.4,14.4,13.44,13.45,9063200,13.16
2011-09-20,14.54,14.63,14.12,14.13,8155200,13.72
2011-09-19,14.74,14.82,14.3,14.49,8170100,14.07
2011-09-16,14.94,15.09,14.63,14.85,10182600,14.42
2011-09-15,14.85,14.98,14.7,14.94,7619300,14.51
2011-09-14,14.28,14.96,14.18,14.6,14966000,14.18
2011-09-13,13.93,14.16,13.82,14.09,6830700,13.68
2011-09-12,13.49,13.88,13.45,13.88,7622700,13.48
2011-09-09,13.81,13.83,13.42,13.57,8975800,13.18
2011-09-08,14.29,14.29,13.88,13.93,6900200,13.53
2011-09-07,13.79,14.35,13.75,14.31,9176500,13.9
2011-09-06,13.45,13.66,13.31,13.63,8552700,13.24
2011-09-02,14.21,14.21,13.69,13.81,12542700,13.41
2011-09-01,14.79,15.0,14.38,14.42,10039900,14.0
2011-08-31,14.6,15.0,14.55,14.74,9284700,14.32
2011-08-30,14.79,14.87,14.44,14.56,12917600,14.14
2011-08-29,14.58,14.86,14.46,14.86,6606900,14.43
2011-08-26,14.23,14.66,14.0,14.48,7491400,14.06
2011-08-25,14.52,14.62,14.17,14.3,8559800,13.89
2011-08-24,14.24,14.54,14.13,14.52,7625400,14.1
2011-08-23,13.84,14.27,13.65,14.27,9185400,13.86
2011-08-22,13.83,14.0,13.75,13.81,9759800,13.41
2011-08-19,13.36,14.0,13.33,13.54,11599400,13.15
2011-08-18,13.92,13.92,13.26,13.57,17865700,13.18
2011-08-17,15.4,15.47,13.91,14.29,40973600,13.88
2011-08-16,13.5,14.35,13.38,14.22,20969800,13.81
2011-08-15,13.53,13.79,13.46,13.7,10342700,13.31
2011-08-12,13.18,13.58,13.18,13.48,12688500,13.09
2011-08-11,12.66,13.28,12.33,13.1,16941600,12.72
2011-08-10,12.53,12.75,11.94,12.49,30130000,12.13
2011-08-09,13.25,13.48,12.07,13.21,39938800,12.83
2011-08-08,14.06,14.29,13.11,13.14,28655800,12.76
2011-08-05,14.76,14.84,14.09,14.34,28941500,13.93
2011-08-04,15.15,15.17,14.53,14.57,20785800,14.15
2011-08-03,15.2,15.43,15.07,15.37,13397700,14.93
2011-08-02,15.27,15.71,15.18,15.21,16455000,14.77
2011-08-01,16.06,16.11,15.21,15.28,15559200,14.84
2011-07-29,15.87,16.14,15.79,16.06,9925200,15.6
2011-07-28,16.01,16.18,15.91,16.01,11665200,15.55
2011-07-27,16.17,16.25,15.88,15.96,11718900,15.5
2011-07-26,15.89,16.34,15.82,16.32,18122700,15.85
2011-07-25,15.65,16.0,15.53,15.95,8924600,15.49
2011-07-22,15.77,15.77,15.5,15.74,5923700,15.29
2011-07-21,15.61,15.78,15.52,15.74,9045400,15.29
2011-07-20,15.52,15.61,15.42,15.55,7706400,15.1
2011-07-19,15.25,15.54,15.2,15.51,10404300,15.06
2011-07-18,15.11,15.2,15.05,15.13,7743500,14.69
2011-07-15,15.24,15.33,14.97,15.2,12514700,14.76
2011-07-14,15.5,15.53,15.1,15.2,9829700,14.76
2011-07-13,15.57,15.6,15.41,15.49,9462700,15.04
2011-07-12,15.29,15.59,15.22,15.43,6532700,14.99
2011-07-11,15.41,15.47,15.18,15.27,7250300,14.83
2011-07-08,15.72,15.77,15.4,15.57,12484000,15.12
2011-07-07,15.83,16.03,15.79,15.9,12754800,15.44
2011-07-06,15.83,15.89,15.67,15.74,13229700,15.29
2011-07-05,15.9,15.96,15.79,15.86,9115100,15.4
2011-07-01,15.89,15.98,15.73,15.92,10847300,15.46
2011-06-30,15.67,15.93,15.58,15.8,10833500,15.34
2011-06-29,15.62,15.66,15.4,15.6,12892500,15.15
2011-06-28,15.36,15.62,15.27,15.58,9417400,15.13
2011-06-27,15.29,15.4,15.12,15.34,8386900,14.9
2011-06-24,15.3,15.42,15.11,15.31,31623400,14.87
2011-06-23,15.32,15.39,15.05,15.28,16986800,14.84
2011-06-22,15.38,15.64,15.33,15.47,10651200,15.02
2011-06-21,15.47,15.48,15.25,15.46,12311200,14.92
2011-06-20,15.32,15.54,15.26,15.4,8773500,14.86
2011-06-17,15.16,15.37,15.03,15.35,14859600,14.81
2011-06-16,15.11,15.28,15.01,15.05,10099700,14.52
2011-06-15,15.08,15.15,14.88,14.99,9971100,14.46
2011-06-14,15.09,15.3,14.94,15.25,11280200,14.71
2011-06-13,14.97,15.08,14.81,14.97,12036500,14.44
2011-06-10,15.17,15.17,14.75,14.79,12555100,14.27
2011-06-09,14.99,15.27,14.93,15.18,14411100,14.65
2011-06-08,15.31,15.36,14.96,14.97,20981900,14.44
2011-06-07,15.48,15.72,15.36,15.37,13316700,14.83
2011-06-06,15.82,15.87,15.45,15.45,13930700,14.91
2011-06-03,16.39,16.4,15.72,15.82,22858900,15.26
2011-06-02,16.5,16.59,16.38,16.42,10358100,15.84
2011-06-01,16.72,16.76,16.48,16.53,17561200,15.95
2011-05-31,16.58,16.82,16.56,16.82,20210300,16.23
2011-05-27,16.41,16.6,16.41,16.56,15305500,15.98
2011-05-26,16.56,16.61,16.43,16.44,15560800,15.86
2011-05-25,16.58,16.86,16.53,16.58,14499800,16.0
2011-05-24,16.59,17.1,16.58,16.96,20236500,16.36
2011-05-23,16.2,16.83,16.19,16.71,27400000,16.12
2011-05-20,16.58,16.65,16.37,16.37,23884500,15.8
2011-05-19,16.67,16.74,16.44,16.6,22195300,16.02
2011-05-18,16.75,16.96,16.43,16.63,62315700,16.05
2011-05-17,19.86,19.96,19.58,19.65,15481700,18.96
2011-05-16,20.14,20.52,19.87,19.92,12626900,19.22
2011-05-13,20.39,20.48,20.19,20.25,11314800,19.54
2011-05-12,20.25,20.48,20.1,20.4,6800000,19.68
2011-05-11,20.39,20.5,20.15,20.25,10200000,19.54
2011-05-10,20.35,20.55,20.26,20.39,8905900,19.67
2011-05-09,20.44,20.49,20.19,20.26,11473600,19.55
2011-05-06,21.1,21.38,20.83,20.89,9384900,20.16
2011-05-05,20.86,20.94,20.62,20.92,11800000,20.19
2011-05-04,21.22,21.45,20.94,20.97,8454700,20.23
2011-05-03,21.26,21.41,21.19,21.3,4600000,20.55
2011-05-02,21.26,21.5,21.19,21.24,6452500,20.49
2011-04-29,21.09,21.2,21.01,21.14,9150400,20.4
2011-04-28,21.3,21.42,21.01,21.08,8300000,20.34
2011-04-27,21.07,21.47,21.05,21.33,8647100,20.58
2011-04-26,20.45,21.01,20.45,21.0,9100000,20.26
2011-04-25,20.61,20.7,20.36,20.38,4619400,19.66
2011-04-21,20.68,20.71,20.58,20.66,6856800,19.93
2011-04-20,20.49,20.74,20.41,20.67,11955600,19.94
2011-04-19,20.1,20.25,20.05,20.18,7990100,19.47
2011-04-18,19.79,20.12,19.7,20.09,7576100,19.38
2011-04-15,20.11,20.16,19.9,19.98,11129100,19.28
2011-04-14,19.82,20.14,19.82,20.02,7787400,19.32
2011-04-13,20.07,20.11,19.82,19.98,8367600,19.28
2011-04-12,20.11,20.25,19.87,19.97,8413900,19.27
2011-04-11,20.22,20.5,20.19,20.25,6071200,19.54
2011-04-08,20.67,20.74,20.17,20.25,6992100,19.54
2011-04-07,20.57,20.82,20.47,20.74,8347200,20.01
2011-04-06,20.62,20.72,20.42,20.6,6894100,19.88
2011-04-05,20.33,20.55,20.25,20.44,9484400,19.72
2011-04-04,20.2,20.46,20.08,20.36,13825700,19.65
2011-04-01,19.44,20.06,19.22,20.06,18999700,19.36
2011-03-31,19.68,19.7,19.41,19.42,9447800,18.74
2011-03-30,19.73,19.76,19.49,19.75,11781100,19.06
2011-03-29,19.8,19.85,19.55,19.57,9259300,18.88
2011-03-28,20.07,20.26,19.82,19.82,5862600,19.12
2011-03-25,19.99,20.31,19.95,20.02,7239600,19.32
2011-03-24,19.67,19.94,19.56,19.89,6596500,19.19
2011-03-23,19.71,19.77,19.48,19.64,9747200,18.95
2011-03-22,20.03,20.18,19.75,19.85,10929000,19.06
2011-03-21,20.08,20.2,19.93,19.99,13147000,19.19
2011-03-18,19.65,19.91,19.45,19.9,17039900,19.1
2011-03-17,19.54,19.62,19.31,19.48,8681700,18.7
2011-03-16,19.74,19.75,19.32,19.33,17574400,18.56
2011-03-15,19.8,20.1,19.73,19.83,15735300,19.04
2011-03-14,20.12,20.25,20.03,20.22,8818400,19.41
2011-03-11,20.13,20.34,20.01,20.28,8210900,19.47
2011-03-10,20.08,20.31,19.91,20.23,13926000,19.42
2011-03-09,20.18,20.47,20.14,20.36,7106900,19.55
2011-03-08,20.14,20.36,20.04,20.25,11409200,19.44
2011-03-07,20.53,20.54,20.09,20.12,11513700,19.32
2011-03-04,20.98,21.02,20.25,20.43,14878400,19.61
2011-03-03,21.11,21.15,20.79,21.05,14285700,20.21
2011-03-02,20.51,21.21,20.28,20.9,20441100,20.06
2011-03-01,21.42,21.42,20.71,20.86,13394900,20.03
2011-02-28,20.93,21.39,20.87,21.3,12906200,20.45
2011-02-25,20.78,20.97,20.71,20.94,9988700,20.1
2011-02-24,20.81,20.99,20.62,20.71,10290500,19.88
2011-02-23,21.19,21.25,20.7,20.92,16128500,20.08
2011-02-22,21.33,21.54,21.14,21.2,14021100,20.35
2011-02-18,21.54,21.57,21.37,21.48,16310400,20.62
2011-02-17,21.41,22.01,21.41,21.51,17255800,20.65
2011-02-16,21.65,22.1,21.6,21.93,11981700,21.05
2011-02-15,21.97,22.22,21.93,22.21,6613100,21.32
2011-02-14,22.32,22.4,21.97,22.07,7648800,21.19
2011-02-11,22.04,22.36,21.84,22.25,5925300,21.36
2011-02-10,22.07,22.2,21.73,22.03,16199500,21.15
2011-02-09,22.2,22.51,22.06,22.13,12404000,21.25
2011-02-08,22.5,22.5,21.86,22.25,16454300,21.36
2011-02-07,22.12,22.52,22.03,22.5,7000700,21.6
2011-02-04,22.34,22.77,22.18,22.57,8778300,21.67
2011-02-03,22.3,22.58,21.99,22.35,8233600,21.46
2011-02-02,22.67,22.95,22.22,22.33,9709500,21.44
2011-02-01,22.41,22.77,22.33,22.74,8545000,21.83
2011-01-31,22.45,22.56,22.12,22.31,7964300,21.42
2011-01-28,22.87,22.97,22.24,22.32,6020800,21.43
2011-01-27,22.75,23.06,22.66,22.85,9084800,21.94
2011-01-26,23.38,23.4,22.56,22.72,16314700,21.81
2011-01-25,23.49,23.6,23.08,23.44,7825600,22.5
2011-01-24,23.3,23.59,23.17,23.52,4630900,22.58
2011-01-21,23.33,23.45,23.11,23.37,4631300,22.44
2011-01-20,22.94,23.41,22.75,23.25,8200600,22.32
2011-01-19,23.06,23.26,22.79,22.89,8410200,21.98
2011-01-18,23.43,23.5,23.11,23.17,5073400,22.24
2011-01-14,23.25,23.43,23.11,23.39,4180900,22.46
2011-01-13,23.39,23.53,23.22,23.24,7066600,22.31
2011-01-12,22.99,23.49,22.97,23.49,8964300,22.55
2011-01-11,23.11,23.18,22.69,22.88,8087400,21.97
2011-01-10,23.22,23.46,23.0,23.1,9159600,22.18
2011-01-07,23.43,23.44,22.85,23.44,6983800,22.5
2011-01-06,23.61,23.67,23.2,23.41,9454900,22.47
2011-01-05,22.83,23.75,22.83,23.68,12472000,22.73
2011-01-04,23.24,23.36,22.95,22.95,11059900,22.03
2011-01-03,23.47,23.73,23.29,23.35,9553500,22.42
2010-12-31,22.83,22.9,22.67,22.77,2483400,21.86
2010-12-30,23.03,23.09,22.84,22.88,2411000,21.97
2010-12-29,22.77,23.07,22.71,22.92,2902300,22.0
2010-12-28,22.9,23.06,22.73,22.77,3615600,21.86
2010-12-27,22.72,22.93,22.52,22.88,3421100,21.97
2010-12-23,22.61,23.0,22.42,22.8,5426400,21.89
2010-12-22,22.34,22.6,22.24,22.57,5694800,21.67
2010-12-21,22.47,22.59,22.17,22.28,6776800,21.39
2010-12-20,22.58,22.61,22.37,22.48,4922500,21.5
2010-12-17,22.7,22.79,22.53,22.53,9520800,21.54
2010-12-16,22.46,22.96,22.45,22.73,8667400,21.73
2010-12-15,21.99,22.6,21.87,22.47,7020500,21.49
2010-12-14,22.24,22.32,21.9,21.99,5974100,21.03
2010-12-13,22.27,22.37,22.09,22.22,7284400,21.25
2010-12-10,22.27,22.38,22.09,22.15,5485000,21.18
2010-12-09,22.38,22.51,22.06,22.21,6383000,21.24
2010-12-08,22.63,22.78,22.24,22.32,6543900,21.34
2010-12-07,22.55,22.84,22.53,22.56,8945300,21.57
2010-12-06,22.55,22.6,22.38,22.39,5441800,21.41
2010-12-03,22.71,22.86,22.43,22.65,6057800,21.66
2010-12-02,22.36,23.01,22.2,22.88,7117200,21.88
2010-12-01,22.36,22.49,22.12,22.29,7142600,21.31
2010-11-30,21.66,22.14,21.65,22.01,11256700,21.05
2010-11-29,21.85,22.0,21.63,21.93,6874900,20.97
2010-11-26,22.17,22.28,22.0,22.0,2248500,21.04
2010-11-24,21.7,22.44,21.7,22.3,11272300,21.32
2010-11-23,21.31,21.72,21.24,21.56,8345300,20.62
2010-11-22,21.26,21.85,21.25,21.49,10608500,20.55
2010-11-19,20.55,21.51,20.5,21.43,12578400,20.49
2010-11-18,20.19,20.88,20.13,20.47,9775800,19.57
2010-11-17,20.01,20.18,19.99,20.09,13417500,19.21
2010-11-16,19.97,20.47,19.96,20.07,7562300,19.19
2010-11-15,20.32,20.42,20.17,20.17,5998800,19.29
2010-11-12,20.54,20.58,20.19,20.28,7937800,19.39
2010-11-11,20.51,20.73,20.31,20.61,5861300,19.71
2010-11-10,20.51,20.77,20.35,20.61,6440200,19.71
2010-11-09,20.5,20.57,20.35,20.45,5558900,19.55
2010-11-08,20.67,20.75,20.26,20.46,9474200,19.56
2010-11-05,20.81,20.97,20.66,20.79,4292100,19.88
2010-11-04,20.65,20.9,20.63,20.74,9683100,19.83
2010-11-03,20.3,20.43,20.09,20.4,7473400,19.51
2010-11-02,20.37,20.45,20.24,20.3,4641900,19.41
2010-11-01,20.18,20.44,20.1,20.22,7650100,19.33
2010-10-29,20.56,20.67,20.41,20.52,10063100,19.62
2010-10-28,20.38,20.68,20.27,20.62,7074800,19.72
2010-10-27,20.24,20.45,20.1,20.4,8244600,19.51
2010-10-26,20.68,20.82,20.3,20.56,12689600,19.66
2010-10-25,20.77,21.17,20.69,21.0,11343300,20.08
2010-10-22,20.54,20.64,20.38,20.6,3575200,19.7
2010-10-21,20.37,20.85,20.31,20.54,7032100,19.64
2010-10-20,20.08,20.35,20.0,20.27,6306800,19.38
2010-10-19,20.4,20.47,19.87,20.0,12033100,19.12
2010-10-18,20.88,20.89,20.56,20.61,4567300,19.71
2010-10-15,20.81,20.83,20.41,20.81,10079600,19.9
2010-10-14,20.76,20.98,20.63,20.74,6042500,19.83
2010-10-13,20.81,20.95,20.62,20.78,5680800,19.87
2010-10-12,20.81,20.84,20.57,20.7,5936800,19.79
2010-10-11,20.56,20.9,20.45,20.79,6896400,19.88
2010-10-08,20.54,20.69,20.23,20.58,10644800,19.68
2010-10-07,20.99,21.04,20.4,20.6,11421200,19.7
2010-10-06,20.97,21.05,20.74,20.93,9389200,20.01
2010-10-05,20.99,21.17,20.9,21.02,9871800,20.1
2010-10-04,20.72,20.86,20.4,20.69,11417100,19.78
2010-10-01,21.12,21.25,20.7,20.72,8604000,19.81
2010-09-30,20.81,21.01,20.55,20.92,10782900,20.0
2010-09-29,20.72,20.82,20.6,20.65,6076500,19.75
2010-09-28,20.66,20.91,20.34,20.82,8071500,19.91
2010-09-27,20.49,20.74,20.41,20.56,7746600,19.66
2010-09-24,20.24,20.62,20.14,20.59,8047700,19.69
2010-09-23,19.62,20.27,19.6,20.02,7984800,19.14
2010-09-22,19.73,19.94,19.69,19.81,6538600,18.94
2010-09-21,19.67,20.0,19.5,19.81,6856800,18.86
2010-09-20,19.62,19.86,19.52,19.68,6783500,18.73
2010-09-17,19.37,19.56,19.3,19.49,8638600,18.55
2010-09-16,19.63,19.75,19.38,19.39,7333300,18.46
2010-09-15,19.52,19.74,19.29,19.71,5868700,18.76
2010-09-14,19.51,19.88,19.51,19.66,6388500,18.71
2010-09-13,19.56,19.76,19.47,19.55,6857500,18.61
2010-09-10,19.06,19.49,19.02,19.44,10040500,18.5
2010-09-09,19.3,19.31,18.96,19.07,4988600,18.15
2010-09-08,19.18,19.34,18.98,19.04,7104300,18.12
2010-09-07,18.99,19.12,18.63,18.67,6737000,17.77
2010-09-03,18.9,19.44,18.9,19.14,10185300,18.22
2010-09-02,18.37,18.8,18.24,18.74,6857100,17.84
2010-09-01,17.99,18.49,17.81,18.41,15588300,17.52
2010-08-31,17.54,17.89,17.45,17.77,14351900,16.91
2010-08-30,18.0,18.02,17.64,17.64,8005100,16.79
2010-08-27,18.01,18.22,17.65,18.04,7444000,17.17
2010-08-26,18.24,18.37,17.9,17.9,8000600,17.04
2010-08-25,18.0,18.3,17.95,18.21,8540900,17.33
2010-08-24,18.37,18.42,17.96,18.15,8475400,17.28
2010-08-23,18.95,19.07,18.53,18.54,6105700,17.65
2010-08-20,18.82,19.04,18.62,18.93,7255900,18.02
2010-08-19,19.23,19.52,18.87,18.94,15547900,18.03
2010-08-18,19.32,19.81,19.22,19.65,6121800,18.7
2010-08-17,19.32,19.77,19.2,19.45,4601900,18.51
2010-08-16,19.0,19.35,18.88,19.1,5504700,18.18
2010-08-13,19.24,19.33,19.06,19.11,4082400,18.19
2010-08-12,19.1,19.52,19.08,19.32,6663500,18.39
2010-08-11,19.64,19.73,19.36,19.4,5977400,18.47
2010-08-10,19.9,20.21,19.73,20.04,7373600,19.08
2010-08-09,20.23,20.41,19.94,20.05,6846400,19.08
2010-08-06,20.01,20.19,19.8,20.17,5364700,19.2
2010-08-05,20.01,20.22,19.75,20.2,3974900,19.23
2010-08-04,19.92,20.35,19.9,20.14,5144800,19.17
2010-08-03,20.69,20.83,19.84,19.94,9768600,18.98
2010-08-02,20.66,20.97,20.47,20.87,14161300,19.87
2010-07-30,19.59,20.43,19.53,20.33,9644400,19.35
2010-07-29,20.03,20.28,19.52,19.85,6358400,18.89
2010-07-28,20.06,20.21,19.88,19.98,5757500,19.02
2010-07-27,20.51,20.66,20.08,20.17,5357800,19.2
2010-07-26,19.95,20.31,19.85,20.31,5432500,19.33
2010-07-23,19.98,20.06,19.77,20.0,7067400,19.04
2010-07-22,19.62,20.16,19.62,20.08,7031900,19.11
2010-07-21,19.81,19.94,19.36,19.39,6849700,18.46
2010-07-20,19.39,19.81,19.24,19.78,4584600,18.83
2010-07-19,19.32,19.71,19.3,19.59,7140800,18.65
2010-07-16,20.3,20.42,19.29,19.31,9686800,18.38
2010-07-15,20.02,20.37,19.9,20.3,7402400,19.32
2010-07-14,20.26,20.31,19.89,20.01,6660900,19.05
2010-07-13,19.84,20.32,19.78,20.24,6891500,19.27
2010-07-12,19.63,19.82,19.53,19.63,6476900,18.68
2010-07-09,19.46,19.68,19.24,19.67,4803000,18.72
2010-07-08,19.47,19.5,19.19,19.4,7979400,18.47
2010-07-07,19.01,19.46,18.92,19.43,13744100,18.49
2010-07-06,19.27,19.59,18.88,19.12,8535600,18.2
2010-07-02,19.36,19.47,19.1,19.19,6790700,18.27
2010-07-01,18.97,19.42,18.82,19.27,9279000,18.34
2010-06-30,19.22,19.5,18.99,19.05,8758300,18.13
2010-06-29,19.66,19.68,19.13,19.29,11415400,18.36
2010-06-28,20.2,20.24,19.83,19.86,8454200,18.9
2010-06-25,20.07,20.28,19.83,20.09,10619000,19.12
2010-06-24,20.4,20.47,19.97,20.11,10803500,19.14
2010-06-23,20.86,21.0,20.39,20.53,15645100,19.54
2010-06-22,21.55,21.93,20.88,20.9,13888000,19.81
2010-06-21,22.1,22.29,21.49,21.61,6059500,20.48
2010-06-18,22.03,22.15,21.87,21.98,7641700,20.83
2010-06-17,22.6,22.67,21.72,21.93,9701200,20.78
2010-06-16,22.0,22.54,21.98,22.5,10935700,21.32
2010-06-15,22.0,22.18,21.78,22.13,10033100,20.97
2010-06-14,21.82,22.2,21.71,21.72,5848500,20.59
2010-06-11,21.61,21.9,21.44,21.73,4696700,20.59
2010-06-10,21.31,21.9,21.3,21.89,10225400,20.75
2010-06-09,21.08,21.38,20.93,21.06,9792900,19.96
2010-06-08,20.77,21.23,20.44,21.19,11030000,20.08
2010-06-07,21.2,21.42,20.66,20.66,8345700,19.58
2010-06-04,21.67,21.71,21.05,21.14,11431800,20.04
2010-06-03,21.8,22.06,21.69,22.01,9810100,20.86
2010-06-02,21.54,21.8,21.23,21.7,13773700,20.57
2010-06-01,21.43,21.72,21.12,21.37,9381200,20.25
2010-05-28,21.81,21.81,21.25,21.52,7700000,20.4
2010-05-27,21.71,21.81,21.34,21.8,6487800,20.66
2010-05-26,21.49,21.65,21.02,21.08,9318600,19.98
2010-05-25,20.88,21.46,20.56,21.43,10630000,20.31
2010-05-24,21.47,21.57,21.12,21.28,8076200,20.17
2010-05-21,20.87,21.95,20.85,21.52,14315900,20.4
2010-05-20,21.0,22.04,20.95,21.38,19743000,20.26
2010-05-19,21.86,22.0,21.3,21.54,21965300,20.41
2010-05-18,22.55,22.55,21.73,21.95,10985400,20.8
2010-05-17,22.22,22.4,21.71,22.2,9273800,21.04
2010-05-14,22.25,22.34,21.87,22.12,10595000,20.96
2010-05-13,22.85,22.9,22.2,22.25,10696700,21.09
2010-05-12,22.5,23.14,22.36,23.07,9045500,21.86
2010-05-11,22.08,22.74,22.08,22.38,9767200,21.21
2010-05-10,22.39,22.85,22.0,22.54,14009400,21.36
2010-05-07,21.71,22.48,20.87,21.66,26872800,20.53
2010-05-06,23.02,23.06,20.65,21.88,28161800,20.74
2010-05-05,23.31,23.49,23.03,23.19,8414100,21.98
2010-05-04,23.52,23.53,22.85,23.26,11574000,22.04
2010-05-03,23.59,23.97,23.52,23.73,6023300,22.49
2010-04-30,24.06,24.06,23.36,23.54,9102000,22.31
2010-04-29,23.72,24.02,23.67,23.97,8458400,22.72
2010-04-28,23.85,24.12,23.49,23.56,8431100,22.33
2010-04-27,24.61,24.68,23.7,23.73,11418200,22.49
2010-04-26,24.57,25.0,24.49,24.86,7676800,23.56
2010-04-23,24.3,24.68,24.21,24.61,6800100,23.32
2010-04-22,24.15,24.51,23.96,24.43,6774400,23.15
2010-04-21,23.92,24.36,23.85,24.31,6564900,23.04
2010-04-20,24.22,24.45,24.0,24.01,7145400,22.76
2010-04-19,24.12,24.43,23.87,24.18,8186000,22.92
2010-04-16,24.46,24.65,24.09,24.26,11331200,22.99
2010-04-15,24.3,24.52,24.13,24.48,9536100,23.2
2010-04-14,23.79,24.46,23.71,24.38,12746000,23.11
2010-04-13,24.16,24.24,23.66,23.83,14298000,22.59
2010-04-12,24.4,24.41,24.18,24.2,3946600,22.94
2010-04-09,24.18,24.33,24.1,24.3,4784100,23.03
2010-04-08,24.32,24.42,24.09,24.19,6936100,22.93
2010-04-07,24.0,24.46,23.91,24.4,10306800,23.13
2010-04-06,24.04,24.14,23.87,24.01,8815900,22.76
2010-04-05,23.58,24.07,23.58,24.05,7629800,22.79
2010-04-01,23.52,23.75,23.48,23.7,7265100,22.46
2010-03-31,23.54,23.63,23.39,23.41,6701800,22.19
2010-03-30,23.92,23.92,23.49,23.6,5187800,22.37
2010-03-29,23.85,23.96,23.63,23.75,5906400,22.51
2010-03-26,23.55,23.8,23.55,23.77,5938700,22.53
2010-03-25,23.72,23.85,23.5,23.54,7094000,22.31
2010-03-24,23.95,24.0,23.52,23.56,8985700,22.33
2010-03-23,24.3,24.3,23.87,24.06,6902700,22.72
2010-03-22,23.65,24.22,23.62,24.12,7192500,22.77
2010-03-19,23.9,24.06,23.61,23.75,10872500,22.43
2010-03-18,23.75,23.9,23.58,23.75,7607200,22.43
2010-03-17,23.61,23.75,23.47,23.72,7959500,22.4
2010-03-16,23.43,23.66,23.22,23.63,8399000,22.31
2010-03-15,23.41,23.47,23.11,23.41,6952200,22.1
2010-03-12,23.19,23.52,23.04,23.42,9976500,22.11
2010-03-11,22.9,23.21,22.76,23.14,13977800,21.85
2010-03-10,23.02,23.08,22.72,22.96,14815400,21.68
2010-03-09,22.74,23.04,22.62,22.91,18636600,21.63
2010-03-08,23.21,23.33,22.74,22.75,15463700,21.48
2010-03-05,23.09,23.49,22.99,23.29,14751100,21.99
2010-03-04,22.61,23.07,22.6,22.95,16094900,21.67
2010-03-03,23.0,23.1,22.0,22.56,40574200,21.3
2010-03-02,23.99,24.26,23.21,23.25,49567700,21.95
2010-03-01,25.77,26.0,25.55,25.86,10138700,24.42
2010-02-26,25.79,25.92,25.63,25.76,6995000,24.32
2010-02-25,25.49,25.97,25.26,25.93,6624500,24.48
2010-02-24,25.6,25.76,25.5,25.69,5209600,24.26
2010-02-23,25.45,25.75,25.39,25.41,5989400,23.99
2010-02-22,25.66,25.75,25.43,25.54,4939800,24.12
2010-02-19,25.35,25.83,25.12,25.68,8454400,24.25
2010-02-18,25.03,25.35,24.85,25.27,6331200,23.86
2010-02-17,24.9,25.15,24.83,25.05,4756300,23.65
2010-02-16,24.38,24.82,24.29,24.78,5956300,23.4
2010-02-12,23.82,24.24,23.78,24.18,6851200,22.83
2010-02-11,23.61,24.16,23.48,24.12,5043000,22.77
2010-02-10,23.81,23.96,23.56,23.74,5799800,22.42
2010-02-09,23.46,24.03,23.2,23.88,9432000,22.55
2010-02-08,23.29,23.54,23.17,23.19,4055900,21.9
2010-02-05,23.37,23.58,23.19,23.47,9698600,22.16
2010-02-04,23.67,23.74,23.29,23.32,8185500,22.02
2010-02-03,23.86,23.99,23.72,23.84,4730700,22.51
2010-02-02,23.54,24.07,23.4,24.0,7205400,22.66
2010-02-01,23.44,23.63,23.29,23.5,6881500,22.19
2010-01-29,24.16,24.16,23.45,23.46,11270500,22.15
2010-01-28,23.82,23.92,23.65,23.71,9678700,22.39
2010-01-27,23.7,23.83,23.34,23.7,12267100,22.38
2010-01-26,23.88,24.12,23.73,23.87,8296200,22.54
2010-01-25,24.27,24.27,23.89,24.02,6108100,22.68
2010-01-22,24.63,24.78,24.08,24.11,7594600,22.76
2010-01-21,24.72,25.01,24.53,24.61,8937200,23.24
2010-01-20,25.17,25.26,24.6,24.81,6377700,23.43
2010-01-19,25.06,25.44,25.02,25.38,7497700,23.96
2010-01-15,25.59,26.0,25.08,25.11,9038800,23.71
2010-01-14,25.17,25.27,24.91,25.0,3657100,23.61
2010-01-13,25.21,25.46,25.04,25.33,5052000,23.92
2010-01-12,25.26,25.42,24.88,25.01,5108500,23.61
2010-01-11,25.35,25.46,25.24,25.45,5503400,24.03
2010-01-08,24.99,25.48,24.8,25.47,10281500,24.05
2010-01-07,24.19,24.93,24.19,24.9,8528300,23.51
2010-01-06,24.41,24.73,24.4,24.58,6908700,23.21
2010-01-05,24.19,24.57,24.16,24.52,5913500,23.15
2010-01-04,24.62,24.85,24.46,24.5,4008800,23.13
2009-12-31,24.96,25.02,24.57,24.59,2614000,23.22
2009-12-30,25.03,25.09,24.9,24.98,3805300,23.59
2009-12-29,25.08,25.1,24.92,25.0,5268500,23.61
2009-12-28,24.89,25.07,24.83,25.01,4381300,23.61
2009-12-24,24.93,25.03,24.87,24.94,1690200,23.55
2009-12-23,24.75,25.1,24.75,24.99,7612100,23.6
2009-12-22,24.52,24.95,24.36,24.8,8834900,23.42
2009-12-21,24.52,24.59,24.32,24.36,7908900,23.0
2009-12-18,24.55,24.68,24.21,24.59,11188200,23.14
2009-12-17,24.29,24.6,24.02,24.56,9660400,23.11
2009-12-16,24.62,24.62,24.17,24.37,6239800,22.93
2009-12-15,24.22,24.38,24.05,24.18,5286900,22.75
2009-12-14,24.72,24.72,24.24,24.45,4661500,23.01
2009-12-11,24.23,24.49,24.06,24.46,5552400,23.02
2009-12-10,24.05,24.38,24.02,24.18,4579200,22.75
2009-12-09,24.09,24.12,23.77,23.9,7169000,22.49
2009-12-08,24.17,24.33,23.68,24.24,8625000,22.81
2009-12-07,24.2,24.66,24.2,24.35,7717300,22.91
2009-12-04,23.99,24.5,23.94,24.36,11678100,22.92
2009-12-03,23.94,24.15,23.61,23.64,9307700,22.25
2009-12-02,24.47,24.49,23.82,23.95,10013100,22.54
2009-12-01,24.03,24.86,23.32,24.44,15922600,23.0
2009-11-30,23.46,23.74,23.1,23.32,9673200,21.94
2009-11-27,22.68,23.54,22.56,23.32,4446400,21.94
2009-11-25,23.35,23.65,23.33,23.5,6171700,22.11
2009-11-24,23.12,23.27,22.88,23.22,5994800,21.85
2009-11-23,22.88,23.32,22.82,23.2,5080600,21.83
2009-11-20,22.78,22.88,22.49,22.72,4101900,21.38
2009-11-19,22.84,22.88,22.45,22.65,4387900,21.31
2009-11-18,22.66,22.97,22.66,22.96,3391200,21.61
2009-11-17,22.85,23.05,22.7,22.79,6033800,21.45
2009-11-16,22.49,23.04,22.45,23.0,7127600,21.64
2009-11-13,22.21,22.59,22.08,22.41,4598500,21.09
2009-11-12,22.31,22.51,21.59,22.16,6713200,20.85
2009-11-11,22.53,22.61,22.14,22.26,6531700,20.95
2009-11-10,22.39,22.63,22.2,22.31,6221100,20.99
2009-11-09,22.28,22.68,22.05,22.5,8342800,21.17
2009-11-06,22.1,22.33,21.87,22.23,4304900,20.92
2009-11-05,21.71,22.33,21.59,22.18,4929600,20.87
2009-11-04,21.43,22.04,21.43,21.64,5778500,20.36
2009-11-03,21.8,22.03,21.61,21.89,7189300,20.6
2009-11-02,21.71,22.25,21.53,21.85,8677500,20.56
2009-10-30,22.45,22.45,21.67,21.7,7859100,20.42
2009-10-29,22.1,22.34,21.62,22.27,8629000,20.96
2009-10-28,22.41,22.56,21.87,21.89,7269000,20.6
2009-10-27,23.03,23.03,22.3,22.43,6749200,21.11
2009-10-26,22.7,23.2,22.55,22.67,6391900,21.33
2009-10-23,22.92,23.03,22.41,22.6,5836000,21.27
2009-10-22,22.62,23.13,22.51,23.02,6208800,21.66
2009-10-21,22.72,23.48,22.72,22.77,6498600,21.43
2009-10-20,23.1,23.45,22.85,22.98,5478000,21.62
2009-10-19,23.27,23.55,23.14,23.46,3828300,22.08
2009-10-16,23.36,23.4,22.84,23.21,5914300,21.84
2009-10-15,23.16,23.38,23.0,23.38,6050200,22.0
2009-10-14,23.17,23.37,23.05,23.31,6277800,21.94
2009-10-13,23.12,23.3,22.97,23.13,4707200,21.77
2009-10-12,23.13,23.42,23.05,23.2,3534900,21.83
2009-10-09,23.08,23.21,22.95,23.14,4773100,21.78
2009-10-08,22.98,23.39,22.98,23.18,4938100,21.81
2009-10-07,22.83,23.11,22.72,23.11,5396200,21.75
2009-10-06,22.82,23.21,22.73,23.07,8016800,21.71
2009-10-05,22.37,22.82,22.33,22.8,6163600,21.46
2009-10-02,22.51,22.82,22.41,22.54,5839300,21.21
2009-10-01,23.01,23.21,22.54,22.66,9187800,21.32
2009-09-30,23.26,23.45,22.83,23.22,8438900,21.85
2009-09-29,23.1,23.52,23.01,23.26,5263800,21.89
2009-09-28,22.82,23.37,22.81,23.24,5102400,21.87
2009-09-25,22.97,23.07,22.62,22.79,4855000,21.45
2009-09-24,22.85,22.9,22.46,22.71,4982900,21.37
2009-09-23,23.31,23.32,22.77,22.79,7353800,21.45
2009-09-22,23.35,23.48,23.05,23.2,6953700,21.75
2009-09-21,23.24,23.5,22.95,23.23,7134200,21.78
2009-09-18,22.98,23.41,22.76,23.29,11044700,21.84
2009-09-17,22.75,23.03,22.59,22.81,5687400,21.39
2009-09-16,22.83,23.0,22.65,22.96,5597300,21.53
2009-09-15,22.98,22.98,22.44,22.89,8347200,21.46
2009-09-14,22.11,23.11,22.11,22.97,9645400,21.54
2009-09-11,22.48,22.6,22.23,22.3,7332700,20.91
2009-09-10,22.45,22.79,22.45,22.6,7594500,21.19
2009-09-09,21.98,22.62,21.88,22.47,10214700,21.07
2009-09-08,21.73,21.93,21.52,21.93,6912600,20.56
2009-09-04,21.24,21.53,21.09,21.41,4861000,20.08
2009-09-03,21.13,21.55,21.02,21.35,5277300,20.02
2009-09-02,21.31,21.37,21.02,21.09,7224000,19.78
2009-09-01,22.04,22.05,21.35,21.37,11465900,20.04
2009-08-31,21.87,21.9,21.45,21.61,5634200,20.26
2009-08-28,22.02,22.08,21.61,21.98,6627300,20.61
2009-08-27,22.0,22.05,21.54,21.95,6299600,20.58
2009-08-26,21.74,22.11,21.49,21.97,13409600,20.6
2009-08-25,21.76,22.6,21.6,21.79,18304200,20.43
2009-08-24,22.52,22.89,22.16,22.19,13134100,20.81
2009-08-21,21.53,22.55,21.52,22.49,10023700,21.09
2009-08-20,21.51,21.79,21.16,21.69,4904500,20.34
2009-08-19,21.18,21.64,20.93,21.56,7336000,20.22
2009-08-18,21.18,21.6,21.13,21.53,5002300,20.19
2009-08-17,21.55,21.64,20.93,21.17,9714500,19.85
2009-08-14,22.16,22.24,21.64,21.83,5800600,20.47
2009-08-13,22.49,22.58,22.02,22.24,7432000,20.85
2009-08-12,22.32,22.71,21.94,22.49,7883900,21.09
2009-08-11,22.17,22.37,21.81,22.16,9093700,20.78
2009-08-10,22.68,22.72,22.19,22.3,6847300,20.91
2009-08-07,22.55,23.06,22.09,22.95,11166300,21.52
2009-08-06,22.01,22.46,21.83,22.27,10907300,20.88
2009-08-05,21.16,21.43,20.91,21.11,6306000,19.79
2009-08-04,21.34,21.52,21.17,21.29,6726300,19.96
2009-08-03,21.12,21.53,20.88,21.52,6211900,20.18
2009-07-31,20.92,21.2,20.7,21.02,9969800,19.71
2009-07-30,21.08,21.41,20.91,20.95,15476100,19.64
2009-07-29,20.99,21.12,20.71,21.01,7868600,19.7
2009-07-28,20.91,21.19,20.7,20.98,10620000,19.67
2009-07-27,21.42,21.54,21.07,21.41,5579600,20.08
2009-07-24,21.55,21.6,21.13,21.54,6476800,20.2
2009-07-23,20.52,21.74,20.52,21.59,11961100,20.24
2009-07-22,21.09,21.4,20.82,21.2,6873000,19.88
2009-07-21,21.1,21.1,20.51,21.01,7230600,19.7
2009-07-20,20.49,21.08,20.34,21.05,7661400,19.74
2009-07-17,20.57,20.57,20.27,20.47,5150700,19.19
2009-07-16,20.09,20.62,19.81,20.52,5946700,19.24
2009-07-15,20.15,20.19,19.83,20.13,10818300,18.88
2009-07-14,19.88,20.07,19.67,20.03,6779900,18.78
2009-07-13,19.39,20.03,19.2,20.03,8861900,18.78
2009-07-10,19.23,19.65,19.11,19.39,6497000,18.18
2009-07-09,19.38,19.62,19.12,19.31,9052700,18.11
2009-07-08,18.89,19.5,18.72,19.38,9758700,18.17
2009-07-07,19.0,19.21,18.84,18.86,7693100,17.68
2009-07-06,18.91,19.38,18.83,19.22,7361300,18.02
2009-07-02,19.81,19.84,19.03,19.18,8208200,17.98
2009-07-01,20.45,20.45,20.05,20.12,7351400,18.87
2009-06-30,20.52,20.6,20.01,20.18,8007100,18.92
2009-06-29,20.52,20.79,20.26,20.52,6013900,19.24
2009-06-26,20.36,20.77,20.24,20.6,8189600,19.32
2009-06-25,20.04,20.67,19.89,20.6,6675600,19.32
2009-06-24,20.15,20.3,19.66,20.03,8440400,18.78
2009-06-23,19.88,20.11,19.59,19.7,11120700,18.39
2009-06-22,20.26,20.36,19.93,19.97,8624300,18.65
2009-06-19,20.5,20.7,20.24,20.33,11027800,18.98
2009-06-18,20.24,20.48,20.05,20.3,5614500,18.95
2009-06-17,20.44,20.65,19.94,20.32,9706100,18.97
2009-06-16,20.66,20.97,20.25,20.31,8785000,18.96
2009-06-15,20.81,20.9,20.62,20.82,9488600,19.44
2009-06-12,20.46,21.16,20.26,21.13,11851100,19.73
2009-06-11,21.0,21.0,20.3,20.54,8774800,19.18
2009-06-10,20.79,21.32,20.48,20.68,9736600,19.31
2009-06-09,20.45,21.02,20.23,20.96,8338100,19.57
2009-06-08,20.07,20.61,19.87,20.42,6367000,19.07
2009-06-05,20.61,20.88,20.11,20.23,9159900,18.89
2009-06-04,21.24,21.38,20.24,20.5,9887100,19.14
2009-06-03,21.31,21.61,20.88,21.16,8784000,19.76
2009-06-02,21.44,21.95,21.36,21.77,6534400,20.33
2009-06-01,20.58,21.76,20.51,21.65,9101200,20.21
2009-05-29,19.82,20.47,19.69,20.46,11870100,19.1
2009-05-28,20.27,20.37,19.55,20.02,9374600,18.69
2009-05-27,19.72,20.63,19.56,19.93,13581100,18.61
2009-05-26,19.02,20.75,19.0,20.39,9345900,19.04
2009-05-22,19.11,19.65,18.93,19.37,5321500,18.09
2009-05-21,19.24,19.43,18.85,19.09,6683800,17.82
2009-05-20,20.05,20.67,19.55,19.65,6056400,18.35
2009-05-19,20.37,20.48,19.84,20.29,4728800,18.94
2009-05-18,19.3,20.25,19.3,20.19,6375500,18.85
2009-05-15,19.47,19.81,19.16,19.19,5364900,17.92
2009-05-14,19.04,19.89,18.98,19.58,6600500,18.28
2009-05-13,19.56,19.75,19.0,19.22,7265300,17.95
2009-05-12,19.98,20.24,19.39,20.06,8693800,18.73
2009-05-11,19.55,20.28,19.12,19.81,9481000,18.5
2009-05-08,20.36,20.48,19.7,19.9,8174200,18.58
2009-05-07,20.25,20.52,19.67,20.01,12116000,18.68
2009-05-06,20.97,20.98,19.96,20.15,8129100,18.81
2009-05-05,20.81,20.96,20.19,20.6,6420200,19.23
2009-05-04,20.34,20.91,20.12,20.85,8137900,19.47
2009-05-01,20.69,20.69,19.93,20.12,9190700,18.79
2009-04-30,20.72,21.07,20.32,20.62,10040500,19.25
2009-04-29,21.6,21.75,20.37,20.6,14229700,19.23
2009-04-28,21.49,21.86,21.12,21.26,6789700,19.85
2009-04-27,21.56,21.93,21.27,21.46,8060700,20.04
2009-04-24,20.61,22.2,20.61,21.91,9959200,20.46
2009-04-23,20.65,21.28,20.65,21.2,9256600,19.79
2009-04-22,20.51,21.69,20.51,20.96,10252900,19.57
2009-04-21,20.67,21.03,20.1,20.95,7645800,19.56
2009-04-20,20.35,20.59,20.02,20.19,7458600,18.85
2009-04-17,20.5,21.18,20.45,20.81,8145100,19.43
2009-04-16,20.76,21.2,20.49,21.01,7772000,19.62
2009-04-15,20.0,20.42,19.7,20.38,7519500,19.03
2009-04-14,20.29,20.56,19.71,20.11,7667500,18.78
2009-04-13,20.92,20.92,20.23,20.6,7226600,19.23
2009-04-09,19.64,21.25,19.56,21.03,20171100,19.64
2009-04-08,18.9,19.36,18.7,19.17,8385800,17.9
2009-04-07,18.96,19.28,18.4,18.41,6858200,17.19
2009-04-06,19.06,19.99,18.95,19.31,5529900,18.03
2009-04-03,19.72,19.82,19.22,19.42,7362400,18.13
2009-04-02,18.79,20.16,18.52,19.66,13488200,18.36
2009-04-01,17.81,18.5,17.72,18.41,8813300,17.19
2009-03-31,18.19,18.5,17.69,18.11,11095000,16.91
2009-03-30,18.22,18.26,17.71,18.18,10280500,16.97
2009-03-27,19.08,19.14,18.4,18.57,10263900,17.34
2009-03-26,18.74,19.61,18.49,18.98,18435300,17.72
2009-03-25,18.66,19.04,17.66,18.25,17529800,17.04
2009-03-24,17.18,18.17,17.18,17.73,9576100,16.48
2009-03-23,17.34,18.05,17.19,18.04,11685200,16.77
2009-03-20,17.3,17.46,16.83,17.01,11937200,15.81
2009-03-19,16.28,17.4,16.28,17.17,11047000,15.96
2009-03-18,16.33,17.15,16.13,16.96,13988100,15.76
2009-03-17,15.52,16.46,15.52,16.45,9542000,15.29
2009-03-16,16.45,16.46,15.76,15.81,7957100,14.69
2009-03-13,16.21,16.6,15.8,16.2,10077100,15.06
2009-03-12,15.45,16.38,15.0,16.32,13416100,15.17
2009-03-11,15.13,16.07,15.09,15.47,27636700,14.38
2009-03-10,15.12,15.78,14.47,15.74,15889300,14.63
2009-03-09,14.67,14.98,14.38,14.63,12906700,13.6
2009-03-06,14.76,15.09,14.35,14.81,10660400,13.76
2009-03-05,15.1,15.42,14.6,14.72,10543800,13.68
2009-03-04,15.41,15.67,14.82,15.51,9342000,14.41
2009-03-03,15.39,15.64,14.9,15.1,14076600,14.03
2009-03-02,15.51,15.91,15.22,15.29,8635100,14.21
2009-02-27,15.1,16.27,15.1,15.95,14565600,14.82
2009-02-26,15.9,16.01,15.52,15.61,8775300,14.51
2009-02-25,15.85,16.0,15.46,15.68,15671400,14.57
2009-02-24,15.59,16.03,15.4,15.94,14089600,14.81
2009-02-23,15.63,15.96,15.27,15.33,11557800,14.25
2009-02-20,15.39,15.98,15.18,15.75,15655400,14.64
2009-02-19,15.62,15.66,14.96,15.35,10677700,14.27
2009-02-18,15.25,15.69,15.04,15.46,10260400,14.37
2009-02-17,15.03,15.38,14.86,15.1,11187500,14.03
2009-02-13,15.85,16.22,15.67,15.74,7031100,14.63
2009-02-12,15.66,16.0,15.28,15.94,10743900,14.81
2009-02-11,15.62,16.18,15.6,15.94,10622300,14.81
2009-02-10,16.37,16.64,15.26,15.55,21832700,14.45
2009-02-09,16.98,16.98,15.98,16.64,12335600,15.46
2009-02-06,16.37,16.91,16.12,16.77,14098000,15.59
2009-02-05,15.75,16.39,15.66,16.38,11649300,15.22
2009-02-04,16.2,16.38,15.64,15.86,9186200,14.74
2009-02-03,15.31,16.25,15.27,16.23,8609200,15.08
2009-02-02,15.8,15.8,15.33,15.69,13848000,14.58
2009-01-30,16.69,16.73,15.8,15.94,11636900,14.81
2009-01-29,17.8,17.9,16.43,16.54,13792300,15.37
2009-01-28,17.35,18.0,17.35,17.88,13566700,16.62
2009-01-27,17.21,17.62,17.0,17.19,10599500,15.98
2009-01-26,16.41,17.42,16.4,17.28,13400900,16.06
2009-01-23,16.42,17.02,15.93,16.58,14620600,15.41
2009-01-22,16.33,16.97,16.04,16.69,9508100,15.51
2009-01-21,16.7,16.85,15.96,16.48,9825500,15.32
2009-01-20,17.65,17.65,16.36,16.43,9223900,15.27
2009-01-16,17.5,17.56,16.95,17.45,10386500,16.22
2009-01-15,17.18,17.7,16.65,17.44,11017800,16.21
2009-01-14,17.78,17.8,17.02,17.13,13140600,15.92
2009-01-13,18.39,18.74,17.85,18.04,18573800,16.77
2009-01-12,18.37,18.7,18.15,18.51,12265900,17.2
2009-01-09,18.45,18.57,18.12,18.3,11018800,17.01
2009-01-08,18.1,18.51,17.54,18.48,9279900,17.17
2009-01-07,18.21,18.49,17.84,18.05,8928500,16.77
2009-01-06,18.6,18.93,18.41,18.68,10035500,17.36
2009-01-05,18.55,18.75,18.45,18.53,7818500,17.22
2009-01-02,18.24,18.9,17.67,18.79,6945700,17.46
2008-12-31,17.76,18.32,17.58,17.92,7768700,16.65
2008-12-30,17.23,17.8,17.23,17.71,5476100,16.46
2008-12-29,17.51,17.63,17.09,17.3,4934100,16.08
2008-12-26,17.56,17.8,17.5,17.57,2478900,16.33
2008-12-24,17.5,17.76,17.35,17.66,1790100,16.41
2008-12-23,17.95,18.01,17.38,17.48,4440000,16.24
2008-12-22,18.3,18.35,17.42,17.76,6108700,16.51
2008-12-19,18.35,18.93,17.96,18.3,9416900,17.01
2008-12-18,18.95,18.96,17.96,18.27,7638400,16.98
2008-12-17,18.03,19.04,17.92,18.61,8720800,17.29
2008-12-16,16.72,18.5,16.72,18.35,11482500,17.05
2008-12-15,17.1,17.31,16.68,16.94,9591800,15.74
2008-12-12,16.65,17.3,16.14,16.92,12464600,15.72
2008-12-11,18.03,18.05,16.9,17.07,10727900,15.86
2008-12-10,17.0,18.17,17.0,18.06,9819400,16.78
2008-12-09,17.88,18.06,16.7,16.95,11515700,15.75
2008-12-08,18.49,18.84,17.6,17.94,10837900,16.67
2008-12-05,17.15,18.52,16.8,18.46,11703200,17.16
2008-12-04,17.16,18.66,16.85,18.05,10496600,16.77
2008-12-03,15.6,17.6,15.55,17.55,10597000,16.31
2008-12-02,16.0,16.77,15.66,16.32,14961100,15.17
2008-12-01,16.35,17.07,15.11,15.12,9847900,14.05
2008-11-28,17.0,17.42,16.62,17.36,3064600,16.13
2008-11-26,16.83,17.58,16.22,17.36,8960900,16.13
2008-11-25,17.26,17.32,15.73,17.13,14136400,15.92
2008-11-24,15.78,17.4,15.14,17.26,10971300,16.04
2008-11-21,14.37,15.7,14.09,15.64,13889600,14.53
2008-11-20,14.91,15.45,14.14,14.16,12790700,13.16
2008-11-19,16.93,17.05,15.18,15.26,9022100,14.18
2008-11-18,16.23,17.45,16.02,16.94,7274400,15.74
2008-11-17,16.69,17.28,16.37,16.48,6441600,15.32
2008-11-14,17.08,18.38,17.05,17.09,7711000,15.88
2008-11-13,16.08,18.14,15.49,17.95,10837200,16.68
2008-11-12,17.29,17.29,16.13,16.18,6407200,15.04
2008-11-11,18.08,18.13,17.02,17.33,8200300,16.11
2008-11-10,18.71,19.09,18.05,18.29,7294900,17.0
2008-11-07,18.01,18.53,17.9,18.35,6124200,17.05
2008-11-06,18.49,19.06,17.69,17.78,8910200,16.52
2008-11-05,19.45,19.79,18.69,18.71,9345700,17.39
2008-11-04,19.52,20.0,19.0,19.49,8800700,18.11
2008-11-03,19.5,19.76,18.54,18.74,7941600,17.42
2008-10-31,18.04,20.32,18.03,19.43,14379200,18.06
2008-10-30,17.5,19.5,17.5,18.42,16608600,17.12
2008-10-29,15.47,16.96,14.95,15.94,16093300,14.81
2008-10-28,14.12,15.63,13.57,15.56,12664000,14.46
2008-10-27,14.12,14.73,13.62,13.67,10598500,12.7
2008-10-24,14.16,15.23,14.16,14.44,11719400,13.42
2008-10-23,15.24,15.46,14.44,15.41,19371600,14.32
2008-10-22,15.98,16.09,14.73,15.25,10472400,14.17
2008-10-21,16.71,17.4,16.03,16.05,12880800,14.92
2008-10-20,17.33,17.69,16.72,17.22,8999500,16.0
2008-10-17,17.14,17.74,16.45,17.17,13438300,15.96
2008-10-16,15.92,17.24,15.52,17.24,19376400,16.02
2008-10-15,17.16,18.12,15.94,16.0,13407100,14.87
2008-10-14,19.64,19.95,17.46,17.91,14034900,16.64
2008-10-13,17.4,19.05,17.05,18.89,15451300,17.56
2008-10-10,16.12,17.53,15.15,16.43,21647700,15.27
2008-10-09,18.26,18.44,16.56,16.69,17417800,15.51
2008-10-08,18.18,18.86,17.69,17.84,19105300,16.58
2008-10-07,19.68,20.69,18.28,18.28,15003000,16.99
2008-10-06,19.6,19.65,18.11,19.48,17176600,18.1
2008-10-03,21.37,21.57,19.98,20.0,16805800,18.59
2008-10-02,22.2,22.29,20.68,20.84,13499600,19.37
2008-10-01,22.4,22.6,21.88,22.14,8612800,20.58
2008-09-30,22.02,22.53,21.52,22.5,12663000,20.91
2008-09-29,22.72,23.09,21.67,21.74,12811700,20.2
2008-09-26,23.06,23.36,22.81,23.07,8130700,21.44
2008-09-25,23.48,24.05,23.2,23.28,11775200,21.64
2008-09-24,22.67,23.2,22.02,23.19,12492200,21.55
2008-09-23,23.44,24.45,22.4,22.66,11352100,21.06
2008-09-22,24.65,24.81,23.3,23.35,10051800,21.7
2008-09-19,25.38,26.43,22.04,25.02,25369100,23.25
2008-09-18,24.32,24.68,23.32,24.34,21526400,22.62
2008-09-17,24.37,24.62,23.83,23.89,18690100,22.2
2008-09-16,24.37,25.1,24.0,24.7,16221200,22.95
2008-09-15,24.27,24.85,23.96,24.27,12023400,22.56
2008-09-12,24.41,24.8,24.07,24.5,10557500,22.77
2008-09-11,24.29,24.98,23.9,24.92,12793900,23.16
2008-09-10,24.71,24.83,23.9,24.37,11614000,22.65
2008-09-09,25.05,25.48,24.44,24.44,14935300,22.71
2008-09-08,25.02,25.49,24.6,25.07,15546600,23.3
2008-09-05,24.48,24.8,23.8,24.68,12618700,22.94
2008-09-04,24.4,24.99,24.13,24.62,14114900,22.88
2008-09-03,24.41,25.73,24.41,25.18,12044900,23.4
2008-09-02,24.99,25.79,24.69,24.77,12278700,23.02
2008-08-29,24.2,24.66,24.11,24.2,5876700,22.49
2008-08-28,24.53,24.92,23.95,24.74,6811300,22.99
2008-08-27,23.86,24.5,23.66,24.3,7368900,22.58
2008-08-26,24.18,24.18,23.64,23.81,10650800,22.13
2008-08-25,24.83,24.83,24.1,24.12,8612600,22.42
2008-08-22,24.39,24.79,23.63,24.72,8639900,22.97
2008-08-21,23.51,23.94,23.43,23.91,8112000,22.22
2008-08-20,23.86,24.16,23.43,23.9,12012400,22.21
2008-08-19,22.35,23.66,22.05,23.55,28386200,21.89
2008-08-18,24.74,25.44,24.48,24.58,8068500,22.84
2008-08-15,24.98,25.47,24.65,24.9,8188500,23.14
2008-08-14,24.36,25.04,24.34,24.85,10892400,23.09
2008-08-13,25.29,25.48,24.23,24.47,13848700,22.74
2008-08-12,25.78,25.94,25.08,25.58,10214100,23.77
2008-08-11,24.38,26.57,24.11,26.06,21861800,24.22
2008-08-08,23.38,24.71,23.28,24.47,10979300,22.74
2008-08-07,24.19,24.19,23.15,23.27,10363000,21.63
2008-08-06,24.25,24.48,23.94,24.31,7342400,22.59
2008-08-05,23.1,24.49,23.03,24.3,11404900,22.58
2008-08-04,22.8,23.17,22.37,22.91,5445500,21.29
2008-08-01,22.66,22.85,21.94,22.65,8449400,21.05
2008-07-31,23.05,23.15,22.43,22.5,6020500,20.91
2008-07-30,22.81,23.31,22.46,22.92,7959300,21.3
2008-07-29,21.99,22.85,21.99,22.81,6059300,21.2
2008-07-28,22.2,22.52,21.71,21.82,6254000,20.28
2008-07-25,22.8,22.89,22.24,22.38,6354000,20.8
2008-07-24,23.51,23.74,22.57,22.64,8471900,21.04
2008-07-23,23.44,24.79,23.32,23.75,12176800,22.07
2008-07-22,22.78,23.34,22.29,23.34,9386900,21.69
2008-07-21,22.73,22.76,22.0,22.28,9280000,20.71
2008-07-18,22.38,23.18,22.22,22.55,11619600,20.96
2008-07-17,20.93,22.82,20.9,22.49,15139800,20.9
2008-07-16,20.65,21.29,20.41,21.18,9924900,19.68
2008-07-15,20.86,21.08,20.1,20.63,13770400,19.17
2008-07-14,21.73,21.78,20.7,20.86,9045900,19.39
2008-07-11,21.45,21.45,20.57,21.01,14205700,19.53
2008-07-10,22.34,22.34,21.33,21.47,13366500,19.95
2008-07-09,22.37,22.63,21.95,22.06,16155300,20.5
2008-07-08,22.01,22.78,21.92,22.55,22673500,20.96
2008-07-07,22.71,23.67,22.63,23.14,10583300,21.5
2008-07-03,23.23,23.61,22.98,23.34,6302800,21.69
2008-07-02,23.9,24.24,23.09,23.12,11065200,21.49
2008-07-01,23.7,24.37,23.37,24.3,12308200,22.58
2008-06-30,23.91,24.35,23.64,23.75,10495100,22.07
2008-06-27,23.75,24.42,23.69,23.96,13579300,22.27
2008-06-26,24.37,24.42,23.72,23.72,9052200,22.04
2008-06-25,24.34,25.41,23.96,24.86,14708000,23.1
2008-06-24,24.04,24.31,23.26,24.13,11415700,22.42
2008-06-23,24.82,24.95,24.0,24.06,9113500,22.36
2008-06-20,25.37,25.37,24.53,24.61,11125400,22.87
2008-06-19,24.64,25.46,24.57,25.42,8874600,23.62
2008-06-18,24.76,24.98,24.44,24.8,10039400,23.05
2008-06-17,25.61,25.64,25.09,25.11,9158000,23.34
2008-06-16,25.18,25.85,25.14,25.61,8359800,23.8
2008-06-13,25.1,25.49,24.97,25.49,10100500,23.69
2008-06-12,24.23,25.1,24.17,24.95,18370400,23.19
2008-06-11,23.47,24.51,23.41,24.38,20779100,22.66
2008-06-10,23.0,23.43,22.74,23.15,6489300,21.51
2008-06-09,23.42,23.75,22.98,23.21,7586000,21.57
2008-06-06,24.17,24.22,23.22,23.23,8879300,21.59
2008-06-05,24.16,24.32,23.84,24.31,7001100,22.59
2008-06-04,23.36,24.16,23.29,24.04,8748800,22.34
2008-06-03,23.22,23.48,23.09,23.39,6932800,21.74
2008-06-02,23.37,23.54,22.92,23.09,5965700,21.46
2008-05-30,23.48,23.56,23.22,23.45,4588100,21.79
2008-05-29,23.24,23.68,23.01,23.49,5011300,21.83
2008-05-28,23.27,23.49,22.85,23.07,4798200,21.44
2008-05-27,22.74,23.31,22.67,23.27,5175600,21.63
2008-05-23,22.8,22.9,22.58,22.67,4936600,21.07
2008-05-22,23.08,23.38,22.91,22.96,7002300,21.34
2008-05-21,23.06,23.39,22.76,22.95,12080800,21.33
2008-05-20,23.6,24.02,23.47,23.61,8621500,21.94
2008-05-19,23.7,23.86,23.47,23.57,10065800,21.9
2008-05-16,23.94,24.09,23.55,23.83,9124000,22.15
2008-05-15,23.41,24.22,23.25,24.15,12891400,22.44
2008-05-14,23.17,23.78,22.44,23.47,16394200,21.81
2008-05-13,22.2,22.49,22.08,22.44,7174300,20.85
2008-05-12,21.5,21.96,21.4,21.96,8532300,20.41
2008-05-09,21.25,21.71,21.12,21.5,10649600,19.98
2008-05-08,22.08,22.13,21.37,21.44,10091700,19.93
2008-05-07,21.94,22.54,21.89,21.93,6605100,20.38
2008-05-06,22.41,22.46,21.82,22.15,12892500,20.58
2008-05-05,23.19,23.32,22.63,22.68,7607300,21.08
2008-05-02,23.18,23.69,23.11,23.35,12469100,21.7
2008-05-01,21.77,23.33,21.7,22.9,9658000,21.28
2008-04-30,22.79,22.79,21.59,21.7,8795700,20.17
2008-04-29,22.51,22.93,22.43,22.68,4467600,21.08
2008-04-28,22.5,22.93,22.14,22.6,5309200,21.0
2008-04-25,22.15,22.46,21.8,22.44,5927500,20.85
2008-04-24,21.76,22.4,21.54,22.18,6507400,20.61
2008-04-23,21.58,22.08,21.47,21.73,5309800,20.19
2008-04-22,21.85,22.1,21.26,21.44,6771300,19.93
2008-04-21,22.0,22.51,21.96,22.11,5549000,20.55
2008-04-18,23.02,23.15,22.4,22.51,6110000,20.92
2008-04-17,22.9,22.91,22.22,22.34,5044300,20.76
2008-04-16,22.08,22.4,21.87,22.35,4499300,20.77
2008-04-15,21.9,22.08,21.68,22.03,4568500,20.47
2008-04-14,21.66,22.04,21.66,21.75,4067800,20.21
2008-04-11,22.02,22.18,21.62,21.8,6916900,20.26
2008-04-10,21.73,22.13,21.71,21.96,10123300,20.41
2008-04-09,22.33,22.52,21.53,21.86,8473200,20.32
2008-04-08,23.03,23.09,22.32,22.51,7519500,20.92
2008-04-07,23.34,23.34,22.84,22.88,5152800,21.26
2008-04-04,22.95,23.47,22.82,23.25,5567500,21.61
2008-04-03,23.18,23.3,22.75,22.98,5569900,21.36
2008-04-02,23.23,23.81,23.04,23.21,6609000,21.57
2008-04-01,22.34,23.4,22.2,23.39,8540600,21.74
2008-03-31,21.86,22.4,21.84,22.11,8811500,20.55
2008-03-28,23.01,23.15,22.29,22.41,7595200,20.83
2008-03-27,22.81,23.07,22.58,22.6,7850500,21.0
2008-03-26,22.95,23.31,22.75,23.01,6835200,21.38
2008-03-25,23.7,23.71,23.2,23.44,9067700,21.48
2008-03-24,22.88,23.92,22.84,23.56,10747500,21.59
2008-03-20,21.85,22.93,21.79,22.87,14573600,20.95
2008-03-19,22.9,22.9,21.83,21.84,8400600,20.01
2008-03-18,21.7,22.41,21.5,22.4,12902600,20.52
2008-03-17,20.84,21.43,20.52,21.07,11530900,19.31
2008-03-14,21.45,21.69,20.59,20.87,13858000,19.12
2008-03-13,21.22,21.66,20.88,21.58,9944700,19.77
2008-03-12,21.91,22.14,21.21,21.26,9214000,19.48
2008-03-11,21.52,21.79,20.95,21.79,11038900,19.97
2008-03-10,21.3,21.73,20.99,21.0,9786900,19.24
2008-03-07,21.69,22.11,21.43,21.74,8505800,19.92
2008-03-06,22.07,22.43,21.66,21.66,8058600,19.85
2008-03-05,22.15,22.49,21.92,22.43,11952200,20.55
2008-03-04,21.56,22.36,21.42,22.22,28080800,20.36
2008-03-03,22.07,22.54,21.9,22.49,7984100,20.61
2008-02-29,22.97,22.97,22.1,22.25,9074400,20.39
2008-02-28,23.52,23.81,23.18,23.22,7931000,21.28
2008-02-27,23.54,24.09,23.53,23.81,9775100,21.82
2008-02-26,23.63,23.71,23.19,23.66,11861900,21.68
2008-02-25,23.49,23.82,23.2,23.77,9013700,21.78
2008-02-22,23.65,23.65,22.99,23.58,7816900,21.61
2008-02-21,23.09,23.42,22.77,23.22,13249900,21.28
2008-02-20,21.88,23.18,21.88,22.93,17689000,21.01
2008-02-19,22.02,22.49,21.73,22.15,13209300,20.3
2008-02-15,21.83,22.05,21.64,22.04,8775600,20.19
2008-02-14,22.93,22.96,21.98,22.12,10266800,20.27
2008-02-13,23.64,23.7,22.84,23.01,6777400,21.08
2008-02-12,23.18,23.52,22.89,23.11,7183500,21.17
2008-02-11,22.85,23.18,22.53,23.13,5457600,21.19
2008-02-08,22.76,23.26,22.64,23.01,7073300,21.08
2008-02-07,22.3,23.29,22.11,22.88,12722400,20.96
2008-02-06,22.32,23.08,22.15,22.2,8511900,20.34
2008-02-05,22.48,23.11,22.33,22.41,7355900,20.53
2008-02-04,23.99,24.0,22.97,23.22,6057600,21.28
2008-02-01,24.17,24.46,23.42,23.93,12934200,21.93
2008-01-31,22.39,24.34,22.3,23.94,18287100,21.94
2008-01-30,22.95,23.63,22.95,23.1,8493900,21.17
2008-01-29,23.28,23.47,22.77,23.36,9700500,21.4
2008-01-28,22.63,23.39,22.15,23.33,7777800,21.38
2008-01-25,23.43,23.45,22.36,22.55,10217200,20.66
2008-01-24,23.21,23.69,22.6,23.17,8332200,21.23
2008-01-23,21.73,23.69,21.25,23.64,16491000,21.66
2008-01-22,20.76,22.45,20.75,22.18,12265100,20.32
2008-01-18,21.03,22.43,21.03,21.53,13906700,19.73
2008-01-17,21.08,21.6,20.91,21.25,12825000,19.47
2008-01-16,20.08,21.45,20.06,21.15,12521600,19.38
2008-01-15,20.49,20.52,19.93,19.99,10535100,18.32
2008-01-14,20.98,20.98,20.52,20.67,7112400,18.94
2008-01-11,21.2,21.62,20.54,20.71,8378000,18.98
2008-01-10,21.19,21.88,21.1,21.57,6719800,19.76
2008-01-09,21.3,21.47,20.68,21.41,9162200,19.62
2008-01-08,21.35,22.32,21.3,21.36,9233000,19.57
2008-01-07,21.31,21.78,21.16,21.5,11146600,19.7
2008-01-04,21.57,21.72,21.05,21.27,6977200,19.49
2008-01-03,22.19,22.29,21.84,21.84,5139100,20.01
2008-01-02,23.01,23.19,22.1,22.2,7589900,20.34
2007-12-31,22.88,23.26,22.75,23.07,4051300,21.14
2007-12-28,23.23,23.23,22.83,23.04,3354100,21.11
2007-12-27,22.95,23.15,22.76,22.78,3380600,20.87
2007-12-26,23.09,23.21,22.86,23.06,2686100,21.13
2007-12-24,23.14,23.29,22.98,23.2,1598600,21.26
2007-12-21,23.09,23.49,22.88,23.14,10561900,21.2
2007-12-20,22.78,22.84,22.35,22.72,4155400,20.82
2007-12-19,22.75,22.86,22.36,22.58,4916500,20.69
2007-12-18,22.58,22.77,22.31,22.7,6397500,20.8
2007-12-17,22.6,22.88,22.47,22.49,5550800,20.61
2007-12-14,22.64,22.81,22.32,22.64,7034300,20.74
2007-12-13,23.37,23.61,22.55,22.89,10933100,20.97
2007-12-12,24.25,24.53,23.22,23.55,7413900,21.58
2007-12-11,24.46,24.85,23.65,23.67,10554100,21.69
2007-12-10,24.5,24.62,24.37,24.49,6522300,22.44
2007-12-07,24.35,24.79,24.24,24.6,8011600,22.54
2007-12-06,23.82,24.79,23.55,24.78,10842100,22.7
2007-12-05,24.24,24.28,23.65,23.92,10077000,21.92
2007-12-04,23.42,24.16,23.32,24.02,6488900,22.01
2007-12-03,23.48,23.83,23.41,23.65,6821400,21.67
2007-11-30,23.78,24.04,23.46,23.7,11001000,21.72
2007-11-29,22.57,23.97,22.49,23.51,15019600,21.54
2007-11-28,22.85,23.25,22.4,22.78,15314200,20.87
2007-11-27,21.5,22.48,21.25,21.85,23819500,20.02
2007-11-26,20.44,20.62,19.69,19.76,9717200,18.11
2007-11-23,20.41,20.72,20.15,20.56,2325500,18.84
2007-11-21,20.01,20.5,19.81,20.08,7188600,18.4
2007-11-20,20.57,20.99,19.85,20.28,11363000,18.58
2007-11-19,21.08,21.17,20.44,20.53,6262800,18.81
2007-11-16,20.99,21.27,20.7,21.09,6028200,19.32
2007-11-15,21.15,21.5,20.85,20.95,5095400,19.2
2007-11-14,21.53,21.7,21.15,21.28,7274400,19.5
2007-11-13,20.95,21.74,20.76,21.72,7895100,19.9
2007-11-12,20.88,21.48,20.76,20.95,9721700,19.2
2007-11-09,21.0,21.33,20.6,20.93,8519400,19.18
2007-11-08,21.53,21.96,21.04,21.44,9840100,19.64
2007-11-07,22.07,22.2,21.52,21.52,5992700,19.72
2007-11-06,21.88,22.51,21.82,22.48,6082000,20.6
2007-11-05,21.78,21.9,21.58,21.68,5083400,19.86
2007-11-02,22.43,22.43,21.61,21.9,6823900,20.07
2007-11-01,23.21,23.48,22.2,22.22,7516400,20.36
2007-10-31,22.8,23.43,22.66,23.34,8291600,21.39
2007-10-30,22.56,23.14,22.35,22.85,9877400,20.94
2007-10-29,22.45,22.73,22.0,22.61,5158300,20.72
2007-10-26,22.39,22.39,21.86,22.33,5161600,20.46
2007-10-25,22.1,22.33,21.83,22.12,4840300,20.27
2007-10-24,21.7,22.04,21.5,21.87,6273300,20.04
2007-10-23,22.01,22.17,21.61,21.85,8870300,20.02
2007-10-22,21.56,22.45,21.48,22.28,6921300,20.41
2007-10-19,22.05,22.08,21.53,21.54,8317100,19.74
2007-10-18,22.16,22.25,21.8,22.08,7094000,20.23
2007-10-17,22.11,22.4,22.0,22.21,9433700,20.35
2007-10-16,21.89,22.1,21.8,22.01,5263600,20.17
2007-10-15,22.0,22.03,21.79,21.99,5654000,20.15
2007-10-12,22.55,22.55,21.77,22.06,9346200,20.21
2007-10-11,22.69,23.17,22.53,22.68,7856900,20.78
2007-10-10,22.63,22.73,22.38,22.49,5967700,20.61
2007-10-09,22.59,22.7,22.36,22.68,7055100,20.78
2007-10-08,22.48,22.61,22.32,22.53,7142000,20.64
2007-10-05,21.8,22.87,21.78,22.59,8234000,20.7
2007-10-04,22.28,22.29,21.61,21.69,6547900,19.87
2007-10-03,21.9,22.47,21.76,22.12,8372400,20.27
2007-10-02,21.92,22.02,21.74,21.92,5706600,20.08
2007-10-01,21.58,21.92,21.34,21.89,7672100,20.06
2007-09-28,21.6,21.69,21.38,21.49,6695900,19.69
2007-09-27,21.49,21.7,21.4,21.59,6301100,19.78
2007-09-26,21.14,21.7,21.04,21.45,18901300,19.65
2007-09-25,22.16,22.29,21.45,21.47,9127700,19.67
2007-09-24,22.5,22.61,22.24,22.32,6784400,20.45
2007-09-21,22.72,22.79,22.37,22.47,9016800,20.59
2007-09-20,23.0,23.0,22.55,22.73,5321700,20.83
2007-09-19,23.24,23.7,22.89,23.01,8405300,21.08
2007-09-18,22.12,23.21,22.08,23.21,9065100,21.27
2007-09-17,22.22,22.3,22.02,22.1,3604400,20.25
2007-09-14,21.97,22.45,21.88,22.4,4163600,20.52
2007-09-13,22.12,22.46,22.05,22.09,8519200,20.24
2007-09-12,22.38,22.48,21.98,22.0,9462800,20.16
2007-09-11,22.52,22.6,22.17,22.52,6697600,20.63
2007-09-10,22.42,22.7,21.85,22.44,7972600,20.56
2007-09-07,22.79,22.95,22.15,22.39,6525500,20.51
2007-09-06,23.76,23.83,22.91,23.08,7372500,21.15
2007-09-05,23.53,23.69,23.4,23.61,4219500,21.63
2007-09-04,23.77,23.77,23.46,23.71,4292400,21.72
2007-08-31,23.63,23.91,23.17,23.75,4831500,21.76
2007-08-30,23.37,23.67,23.29,23.44,3223800,21.48
2007-08-29,22.84,23.61,22.75,23.59,4829000,21.61
2007-08-28,23.01,23.21,22.77,22.78,4337000,20.87
2007-08-27,23.31,23.65,23.09,23.1,3807100,21.17
2007-08-24,23.32,23.5,23.19,23.5,4274600,21.53
2007-08-23,23.72,23.72,23.07,23.33,4208500,21.38
2007-08-22,23.63,23.82,23.1,23.52,7852300,21.55
2007-08-21,22.74,23.37,22.49,23.3,13387600,21.35
2007-08-20,23.21,23.61,23.08,23.31,8156800,21.36
2007-08-17,23.5,24.25,23.01,23.25,7544000,21.3
2007-08-16,22.65,23.45,22.49,23.27,9365400,21.32
2007-08-15,22.46,23.37,22.37,22.61,7068500,20.72
2007-08-14,22.9,23.0,22.25,22.39,8261700,20.51
2007-08-13,23.09,23.43,22.76,23.02,6115600,21.09
2007-08-10,23.07,23.52,22.69,22.96,6870400,21.04
2007-08-09,23.66,24.28,23.25,23.25,6400400,21.3
2007-08-08,23.68,24.26,23.55,24.13,9020800,22.11
2007-08-07,23.81,23.99,23.36,23.6,8393400,21.62
2007-08-06,23.43,24.0,23.3,23.99,11456300,21.98
2007-08-03,23.25,23.69,22.88,23.24,12057300,21.29
2007-08-02,23.29,23.49,23.04,23.41,8122700,21.45
2007-08-01,22.93,23.26,22.84,23.23,10910600,21.28
2007-07-31,23.59,23.6,22.98,23.02,10381000,21.09
2007-07-30,23.14,23.42,22.81,23.34,11598200,21.39
2007-07-27,23.53,23.74,23.13,23.14,10827900,21.2
2007-07-26,23.94,24.19,23.06,23.49,14498900,21.52
2007-07-25,24.23,24.38,23.74,24.09,8462300,22.07
2007-07-24,24.63,24.91,24.24,24.34,6918600,22.3
2007-07-23,24.95,24.95,24.51,24.63,6867400,22.57
2007-07-20,25.14,25.19,24.76,24.81,7288600,22.73
2007-07-19,24.78,25.14,24.6,25.03,5878800,22.93
2007-07-18,24.74,25.04,24.32,24.69,7985100,22.62
2007-07-17,24.49,24.83,24.24,24.82,6626400,22.74
2007-07-16,24.73,24.8,24.36,24.54,6438000,22.48
2007-07-13,24.68,24.9,24.55,24.83,5456700,22.75
2007-07-12,24.15,24.82,23.92,24.81,11203400,22.73
2007-07-11,23.96,23.99,23.76,23.92,10104600,21.92
2007-07-10,24.57,24.57,23.94,23.96,7151000,21.95
2007-07-09,24.51,24.76,24.47,24.6,6617200,22.54
2007-07-06,24.52,24.78,24.29,24.75,5798800,22.68
2007-07-05,24.27,24.68,24.25,24.62,7051600,22.56
2007-07-03,24.35,24.52,24.25,24.35,4211700,22.31
2007-07-02,23.97,24.42,23.84,24.42,10319900,22.37
2007-06-29,23.94,24.07,23.68,23.73,11278400,21.74
2007-06-28,23.95,24.27,23.85,24.18,8131000,22.16
2007-06-27,23.61,24.07,23.59,23.95,13150500,21.94
2007-06-26,24.25,24.27,23.82,23.96,12244600,21.95
2007-06-25,24.06,24.3,23.7,24.03,12248500,22.02
2007-06-22,24.73,24.79,24.18,24.28,14660100,22.25
2007-06-21,25.01,25.1,24.54,24.97,8064100,22.88
2007-06-20,25.11,25.32,24.97,25.04,11296800,22.94
2007-06-19,24.9,25.16,24.77,25.08,6840800,22.98
2007-06-18,24.92,25.06,24.88,24.99,5540900,22.9
2007-06-15,24.79,25.26,24.71,24.99,13346600,22.9
2007-06-14,24.32,24.63,24.27,24.58,6850600,22.52
2007-06-13,24.45,24.7,24.26,24.31,13116100,22.27
2007-06-12,24.19,24.72,24.08,24.31,11756400,22.27
2007-06-11,24.49,24.75,24.15,24.4,8739900,22.36
2007-06-08,23.84,24.73,23.84,24.56,7472200,22.5
2007-06-07,24.3,24.59,24.0,24.01,6121600,22.0
2007-06-06,24.6,24.68,24.3,24.45,5309500,22.4
2007-06-05,25.05,25.16,24.46,24.73,11746300,22.66
2007-06-04,25.47,25.5,24.89,25.15,8226800,23.04
2007-06-01,25.05,25.7,24.88,25.37,10065200,23.25
2007-05-31,24.75,25.38,24.51,25.06,11469900,22.96
2007-05-30,23.98,24.75,23.84,24.72,12975800,22.65
2007-05-29,24.4,24.44,23.86,23.97,14398800,21.96
2007-05-25,24.37,24.51,24.14,24.4,5699600,22.36
2007-05-24,24.83,25.0,24.29,24.31,11079400,22.27
2007-05-23,25.55,25.65,24.91,24.96,9524900,22.87
2007-05-22,24.6,25.24,24.3,25.05,23740200,22.95
2007-05-21,25.61,26.0,25.45,25.67,6643900,23.52
2007-05-18,25.23,25.71,25.12,25.55,6075100,23.41
2007-05-17,25.3,25.3,25.09,25.16,6837700,23.05
2007-05-16,25.2,25.49,24.98,25.29,7185900,23.17
2007-05-15,24.96,25.18,24.72,25.02,8267600,22.92
2007-05-14,24.79,25.13,24.58,24.81,5844300,22.73
2007-05-11,24.68,24.93,24.59,24.77,4235700,22.7
2007-05-10,24.86,25.27,24.58,24.68,7550400,22.61
2007-05-09,25.09,25.2,24.78,25.06,7196300,22.96
2007-05-08,25.1,25.34,24.95,25.09,6544900,22.99
2007-05-07,25.25,25.31,24.91,25.11,7275200,23.01
2007-05-04,25.48,25.5,24.94,25.28,8808700,23.16
2007-05-03,24.89,25.35,24.41,25.33,16001100,23.21
2007-05-02,24.85,25.23,24.78,25.06,5504600,22.96
2007-05-01,24.86,25.05,24.57,24.85,7355800,22.77
2007-04-30,25.44,25.58,24.69,24.8,8946500,22.72
2007-04-27,25.7,25.75,25.28,25.37,8796800,23.25
2007-04-26,25.75,25.94,25.3,25.79,11211100,23.63
2007-04-25,26.11,26.19,25.97,26.04,7127000,23.86
2007-04-24,26.11,26.5,25.85,26.11,7838600,23.92
2007-04-23,26.3,26.48,26.06,26.12,5247600,23.93
2007-04-20,26.48,26.49,26.11,26.37,7037500,24.16
2007-04-19,26.46,26.48,26.03,26.18,8318500,23.99
2007-04-18,26.13,26.83,26.07,26.5,3422500,24.28
2007-04-17,26.71,26.71,26.05,26.3,7437500,24.1
2007-04-16,26.8,27.0,26.63,26.75,4451100,24.51
2007-04-13,26.87,26.87,26.51,26.65,7283500,24.42
2007-04-12,26.64,26.94,26.0,26.92,5550300,24.67
2007-04-11,26.91,26.93,26.52,26.7,6167100,24.46
2007-04-10,26.59,26.99,26.54,26.96,8150300,24.7
2007-04-09,26.38,26.63,26.25,26.55,4858300,24.33
2007-04-05,25.94,26.4,25.91,26.37,5106400,24.16
2007-04-04,26.27,26.27,25.83,26.07,4817500,23.89
2007-04-03,25.99,26.39,25.79,26.31,4717000,24.11
2007-04-02,25.81,25.99,25.53,25.74,6146800,23.58
2007-03-30,26.0,26.13,25.55,25.84,3753100,23.68
2007-03-29,26.07,26.1,25.67,25.99,7158800,23.81
2007-03-28,25.99,26.16,25.74,25.82,5591000,23.66
2007-03-27,26.32,26.4,26.15,26.19,4143800,23.73
2007-03-26,26.28,26.42,25.93,26.41,9958100,23.93
2007-03-23,26.56,26.6,26.3,26.45,4638100,23.97
2007-03-22,26.99,27.0,26.37,26.48,6089900,23.99
2007-03-21,26.01,26.88,25.8,26.85,7930600,24.33
2007-03-20,25.97,26.2,25.79,26.12,4691800,23.67
2007-03-19,25.59,25.95,25.59,25.93,4552500,23.5
2007-03-16,25.5,25.74,25.24,25.49,6406600,23.1
2007-03-15,25.49,25.68,25.41,25.61,4972100,23.21
2007-03-14,25.22,25.51,25.0,25.45,6904600,23.06
2007-03-13,25.68,25.83,25.46,25.52,9254600,23.12
2007-03-12,25.92,26.13,25.78,25.92,5200000,23.49
2007-03-09,26.3,26.36,25.85,26.03,7310600,23.59
2007-03-08,26.19,26.3,26.02,26.12,7621100,23.67
2007-03-07,24.93,25.97,24.84,25.89,9816500,23.46
2007-03-06,25.23,25.26,24.88,25.17,9558900,22.81
2007-03-05,25.44,25.63,25.01,25.03,5670500,22.68
2007-03-02,25.03,25.71,24.9,25.45,6710300,23.06
2007-03-01,25.28,25.75,24.74,25.35,9250900,22.97
2007-02-28,25.94,26.4,25.9,26.02,6535500,23.58
2007-02-27,26.91,26.92,25.88,25.99,5384100,23.55
2007-02-26,27.21,27.44,26.35,27.13,4314700,24.58
2007-02-23,27.54,27.66,27.13,27.19,3485700,24.64
2007-02-22,27.32,27.6,27.13,27.5,4052900,24.92
2007-02-21,27.37,27.48,27.12,27.37,5756000,24.8
2007-02-20,26.76,27.56,26.75,27.55,4139300,24.96
2007-02-16,27.19,27.4,26.7,26.85,5966700,24.33
2007-02-15,27.28,27.32,26.95,27.26,2355000,24.7
2007-02-14,26.92,27.28,26.7,27.25,5080700,24.69
2007-02-13,26.67,27.04,26.61,26.9,5154800,24.37
2007-02-12,26.74,26.82,26.42,26.63,5577800,24.13
2007-02-09,26.75,26.97,26.5,26.7,5761800,24.19
2007-02-08,26.47,26.69,26.29,26.59,3471200,24.09
2007-02-07,26.18,26.72,26.18,26.45,4384000,23.97
2007-02-06,26.27,26.37,25.93,26.31,6122700,23.84
2007-02-05,26.48,26.7,26.09,26.26,5243500,23.79
2007-02-02,26.07,26.56,25.9,26.45,6787800,23.97
2007-02-01,25.67,26.19,25.6,25.96,6645800,23.52
2007-01-31,25.59,25.81,25.5,25.72,6221500,23.31
2007-01-30,25.7,25.7,25.32,25.49,5087400,23.1
2007-01-29,25.57,25.78,25.29,25.51,7210600,23.11
2007-01-26,25.96,25.97,25.5,25.66,6892000,23.25
2007-01-25,26.39,26.43,25.78,25.96,6392000,23.52
2007-01-24,26.62,26.75,26.32,26.54,5432300,24.05
2007-01-23,26.46,26.65,26.36,26.5,4659900,24.01
2007-01-22,26.97,27.0,26.31,26.47,5296300,23.98
2007-01-19,27.33,27.33,26.86,27.02,4898400,24.48
2007-01-18,27.26,27.62,27.14,27.22,6322800,24.66
2007-01-17,26.89,27.02,26.67,26.95,4343600,24.42
2007-01-16,26.63,27.06,26.55,27.02,4086200,24.48
2007-01-12,26.52,26.71,26.33,26.68,5648200,24.17
2007-01-11,26.52,26.79,26.34,26.6,5138600,24.1
2007-01-10,26.08,26.43,25.99,26.43,4756800,23.95
2007-01-09,25.93,26.5,25.82,26.4,6607600,23.92
2007-01-08,25.9,25.99,25.56,25.74,6326000,23.32
2007-01-05,26.27,26.5,25.77,26.02,5102900,23.58
2007-01-04,26.33,26.47,25.88,26.24,6052700,23.78
2007-01-03,26.51,27.25,26.05,26.4,5852000,23.92
2006-12-29,26.97,27.12,26.62,26.7,1770600,24.19
2006-12-28,26.95,27.2,26.91,26.97,1915200,24.44
2006-12-27,27.26,27.43,26.87,27.08,3048800,24.54
2006-12-26,26.61,27.02,26.59,26.87,2300300,24.35
2006-12-22,26.8,26.97,26.45,26.65,3522000,24.15
2006-12-21,27.01,27.28,26.81,26.85,2579700,24.33
2006-12-20,26.71,27.17,26.64,26.97,3198700,24.44
2006-12-19,27.0,27.13,26.61,27.0,5199500,24.46
2006-12-18,27.43,28.0,27.08,27.15,5139400,24.6
2006-12-15,27.75,27.95,27.4,27.41,7728600,24.84
2006-12-14,26.75,27.67,26.65,27.54,6848600,24.95
2006-12-13,26.17,26.75,25.93,26.64,5409900,24.14
2006-12-12,26.07,26.14,25.55,25.91,3816100,23.48
2006-12-11,25.77,26.09,25.67,25.94,2394500,23.5
2006-12-08,26.04,26.43,25.82,26.07,2554600,23.62
2006-12-07,26.43,26.45,25.97,26.03,2075800,23.59
2006-12-06,26.07,26.36,25.98,26.22,2438100,23.76
2006-12-05,26.08,26.25,25.78,26.17,3143900,23.71
2006-12-04,25.5,26.09,25.27,25.93,3348800,23.5
2006-12-01,25.37,25.49,24.94,25.34,4840200,22.96
2006-11-30,25.64,25.75,25.14,25.47,5807300,23.08
2006-11-29,25.65,25.87,25.52,25.75,5179700,23.33
2006-11-28,25.38,25.7,25.21,25.65,4065600,23.24
2006-11-27,25.52,25.82,25.31,25.37,4421100,22.99
2006-11-24,25.5,25.86,25.5,25.62,1114100,23.21
2006-11-22,25.95,26.06,25.56,25.9,4016300,23.47
2006-11-21,26.21,26.21,25.85,26.07,4251900,23.62
2006-11-20,26.46,26.55,26.1,26.2,3888000,23.74
2006-11-17,26.69,26.82,26.49,26.65,4747800,24.15
2006-11-16,26.15,26.82,26.02,26.81,5535100,24.29
2006-11-15,25.8,26.25,25.8,26.06,5341200,23.61
2006-11-14,25.45,25.92,25.12,25.83,6870800,23.4
2006-11-13,26.34,26.37,25.91,26.06,5881400,23.61
2006-11-10,25.86,25.95,25.32,25.65,5007000,23.24
2006-11-09,26.13,26.35,25.7,25.77,3293400,23.35
2006-11-08,25.85,26.29,25.79,26.15,3132400,23.69
2006-11-07,25.87,26.23,25.78,26.04,3609400,23.6
2006-11-06,25.56,26.04,25.54,25.91,4511300,23.48
2006-11-03,25.53,25.7,25.24,25.36,2780900,22.98
2006-11-02,25.3,25.78,25.19,25.62,3670800,23.21
2006-11-01,25.88,25.99,25.14,25.16,4918400,22.8
2006-10-31,26.21,26.22,25.5,25.79,4082500,23.37
2006-10-30,25.94,26.26,25.72,26.09,2228500,23.64
2006-10-27,25.99,26.25,25.7,25.77,2929200,23.35
2006-10-26,25.98,26.05,25.42,26.04,4801800,23.6
2006-10-25,25.96,26.08,25.67,25.97,5069100,23.53
2006-10-24,26.36,26.48,25.7,25.86,4431900,23.43
2006-10-23,25.68,26.33,25.62,26.29,6020500,23.82
2006-10-20,25.84,26.0,25.47,25.71,6760300,23.3
2006-10-19,26.26,26.46,25.79,25.9,4741300,23.47
2006-10-18,26.47,26.9,26.07,26.37,7458200,23.89
2006-10-17,26.65,26.85,26.16,26.47,4067700,23.98
2006-10-16,26.78,26.89,26.49,26.88,4545000,24.36
2006-10-13,26.88,27.0,26.49,26.88,3719200,24.36
2006-10-12,26.77,27.04,26.57,26.99,4764400,24.46
2006-10-11,26.28,26.74,26.15,26.61,4853700,24.11
2006-10-10,26.45,26.5,25.82,26.25,4841400,23.79
2006-10-09,25.75,26.19,25.49,26.13,4348600,23.68
2006-10-06,26.33,26.39,25.57,25.7,3879000,23.29
2006-10-05,25.9,26.39,25.6,26.33,5745800,23.86
2006-10-04,25.59,26.03,25.4,25.99,5919100,23.55
2006-10-03,24.66,25.77,24.46,25.58,11452000,23.18
2006-10-02,24.39,24.65,24.16,24.27,5877000,21.99
2006-09-29,24.79,24.95,24.3,24.33,3800000,22.05
2006-09-28,24.62,24.94,24.24,24.76,5577400,22.44
2006-09-27,25.18,25.36,24.61,24.71,5855200,22.39
2006-09-26,25.35,25.47,24.8,25.19,6667900,22.82
2006-09-25,24.51,25.52,24.35,25.47,5143800,23.08
2006-09-22,24.64,24.7,24.22,24.44,3641100,22.15
2006-09-21,24.99,25.08,24.41,24.59,5115200,22.28
2006-09-20,24.57,25.26,24.47,24.96,7326800,22.62
2006-09-19,24.75,24.75,24.06,24.45,5822000,22.15
2006-09-18,24.93,25.01,24.44,24.54,5235400,22.24
2006-09-15,24.25,25.04,24.22,24.98,7805900,22.63
2006-09-14,25.1,25.1,24.46,24.73,5313100,22.41
2006-09-13,24.44,25.17,24.2,25.01,9373000,22.66
2006-09-12,23.75,24.59,23.71,24.57,6012100,22.26
2006-09-11,23.26,23.96,23.23,23.79,3893500,21.56
2006-09-08,23.3,23.5,22.95,23.39,4139100,21.19
2006-09-07,23.03,23.43,22.95,23.24,4453800,21.06
2006-09-06,22.89,23.35,22.61,23.0,6137700,20.84
2006-09-05,22.58,23.02,22.48,22.9,4196500,20.75
2006-09-01,22.63,22.8,22.58,22.67,2385500,20.54
2006-08-31,22.57,22.75,22.49,22.56,3552800,20.44
2006-08-30,22.74,22.84,22.48,22.66,3802300,20.53
2006-08-29,23.09,23.1,22.39,22.64,5323100,20.51
2006-08-28,22.86,23.26,22.79,23.03,3175100,20.87
2006-08-25,22.74,23.0,22.59,22.79,3509000,20.65
2006-08-24,23.29,23.42,22.76,22.86,3647300,20.71
2006-08-23,23.36,23.65,23.03,23.07,3634100,20.9
2006-08-22,23.65,23.84,23.33,23.45,4755200,21.25
2006-08-21,23.55,23.8,23.44,23.71,3464600,21.48
2006-08-18,24.14,24.16,23.65,23.73,3633800,21.5
2006-08-17,23.99,24.07,23.77,24.04,3801900,21.78
2006-08-16,23.66,23.93,23.25,23.93,5353400,21.68
2006-08-15,24.33,24.47,23.18,23.65,7400100,21.43
2006-08-14,23.75,24.09,23.44,23.53,4937800,21.32
2006-08-11,23.28,23.65,23.25,23.52,5033700,21.31
2006-08-10,22.5,23.36,22.5,23.3,5273300,21.11
2006-08-09,22.8,23.22,22.46,22.55,5766600,20.43
2006-08-08,23.5,23.55,22.46,22.57,7085000,20.45
2006-08-07,23.0,23.05,22.6,23.04,4573300,20.88
2006-08-04,22.22,23.36,22.12,22.9,9493100,20.75
2006-08-03,21.43,22.14,21.37,22.01,6964000,19.94
2006-08-02,21.23,21.78,21.2,21.5,4792500,19.48
2006-08-01,21.5,21.53,21.08,21.25,5717700,19.25
2006-07-31,21.65,22.0,21.38,21.62,5483600,19.59
2006-07-28,22.22,22.48,21.57,21.74,8051500,19.7
2006-07-27,22.9,22.9,22.04,22.1,3056200,20.03
2006-07-26,22.76,22.91,22.47,22.71,3504500,20.58
2006-07-25,22.62,22.99,22.46,22.97,3057200,20.81
2006-07-24,21.96,22.71,21.91,22.66,3689300,20.53
2006-07-21,21.89,22.21,21.75,21.94,4461000,19.88
2006-07-20,22.52,22.74,21.98,22.03,3600500,19.96
2006-07-19,22.41,22.86,22.2,22.71,3773700,20.58
2006-07-18,22.57,22.68,21.92,22.22,5080600,20.13
2006-07-17,22.78,22.95,22.51,22.61,3561900,20.49
2006-07-14,23.02,23.15,22.45,22.75,3294700,20.61
2006-07-13,23.48,23.8,23.01,23.07,3833700,20.9
2006-07-12,24.2,24.23,23.45,23.48,3575900,21.28
2006-07-11,24.21,24.36,23.88,24.0,4719200,21.75
2006-07-10,23.93,24.47,23.92,24.23,4689500,21.96
2006-07-07,23.99,24.42,23.69,23.8,4396500,21.57
2006-07-06,23.97,24.25,23.86,23.96,2552700,21.71
2006-07-05,24.53,24.53,23.82,23.98,3645700,21.73
2006-07-03,24.52,24.66,24.38,24.5,1761800,22.2
2006-06-30,24.91,25.0,24.32,24.35,4893600,22.06
2006-06-29,24.43,24.85,24.31,24.78,4061800,22.45
2006-06-28,24.16,24.49,24.1,24.18,3605600,21.91
2006-06-27,24.22,24.5,24.14,24.2,3694600,21.93
2006-06-26,24.43,24.74,24.21,24.22,3576200,21.95
2006-06-23,24.21,24.8,24.21,24.43,2478900,22.14
2006-06-22,24.52,24.63,24.25,24.45,2536400,22.15
2006-06-21,24.33,24.95,24.33,24.71,4143000,22.39
2006-06-20,24.44,24.75,24.35,24.4,4106700,22.11
2006-06-19,24.85,24.88,24.4,24.44,4012800,22.15
2006-06-16,24.83,25.14,24.72,24.74,8202000,22.42
2006-06-15,24.2,24.89,24.09,24.87,7957600,22.53
2006-06-14,23.17,23.65,23.08,23.63,6406600,21.41
2006-06-13,23.39,23.66,23.12,23.23,5881800,21.05
2006-06-12,23.42,23.6,23.16,23.25,4905100,21.07
2006-06-09,23.65,23.82,23.42,23.42,5117000,21.22
2006-06-08,23.47,23.84,23.31,23.74,5742900,21.51
2006-06-07,23.8,23.89,23.57,23.64,5387300,21.42
2006-06-06,23.78,23.95,23.6,23.7,4059800,21.47
2006-06-05,24.01,24.25,23.69,23.69,5765100,21.47
2006-06-02,24.16,24.37,23.66,24.1,4624800,21.84
2006-06-01,23.48,24.37,23.47,24.1,6602200,21.84
2006-05-31,23.58,23.94,23.42,23.47,6813500,21.27
2006-05-30,23.94,23.95,23.43,23.43,4006000,21.23
2006-05-26,23.8,23.99,23.69,23.95,2108000,21.7
2006-05-25,23.82,24.12,23.56,23.81,4007000,21.57
2006-05-24,23.83,24.19,23.56,23.85,4017100,21.61
2006-05-23,23.99,24.42,23.94,23.95,3877800,21.7
2006-05-22,24.08,24.49,23.97,24.14,4827800,21.87
2006-05-19,24.15,24.65,24.05,24.52,8488000,22.22
2006-05-18,24.41,24.81,24.35,24.41,6272300,22.12
2006-05-17,24.62,24.94,24.39,24.51,4519600,22.21
2006-05-16,25.7,25.7,24.39,24.82,15932900,22.49
2006-05-15,26.6,26.9,26.37,26.42,7040300,23.94
2006-05-12,26.34,27.0,26.3,26.61,6022300,24.11
2006-05-11,27.0,27.71,26.41,26.98,7622000,24.45
2006-05-10,26.43,26.83,26.43,26.64,3508400,24.14
2006-05-09,26.22,26.56,26.17,26.55,3561500,24.06
2006-05-08,26.53,26.67,26.13,26.24,3996400,23.78
2006-05-05,26.84,26.99,26.52,26.55,3880000,24.06
2006-05-04,26.41,26.85,26.36,26.6,3340200,24.1
2006-05-03,26.1,26.47,25.98,26.45,3354500,23.97
2006-05-02,25.75,26.13,25.59,26.11,2370400,23.66
2006-05-01,26.39,26.5,25.49,25.6,3668000,23.2
2006-04-28,26.25,26.48,25.98,26.41,3122200,23.93
2006-04-27,25.84,26.55,25.57,26.15,5004800,23.69
2006-04-26,25.42,25.97,25.37,25.86,4317100,23.43
2006-04-25,25.77,26.0,25.34,25.38,3074200,23.0
2006-04-24,25.6,25.76,25.35,25.59,2391300,23.19
2006-04-21,26.25,26.43,25.41,25.57,5352200,23.17
2006-04-20,26.49,26.79,26.16,26.25,3951600,23.79
2006-04-19,26.6,26.7,26.17,26.27,2751500,23.8
2006-04-18,25.71,26.78,25.71,26.64,5433500,24.14
2006-04-17,25.81,26.1,25.71,25.79,4520700,23.37
2006-04-13,25.61,26.05,25.45,25.94,2933200,23.5
2006-04-12,25.25,25.86,25.02,25.72,3154700,23.31
2006-04-11,25.6,25.61,25.11,25.21,3601700,22.84
2006-04-10,26.0,26.0,25.25,25.43,4843400,23.04
2006-04-07,26.11,26.51,25.85,25.94,3101900,23.5
2006-04-06,26.36,26.55,25.77,26.05,4404000,23.6
2006-04-05,26.2,26.61,26.08,26.49,4751600,24.0
2006-04-04,25.96,26.5,25.95,26.31,6507200,23.84
2006-04-03,25.6,26.25,25.51,26.11,5664100,23.66
2006-03-31,25.85,26.15,25.44,25.52,4497700,23.12
2006-03-30,25.46,26.24,25.45,26.0,5870000,23.56
2006-03-29,25.11,25.84,24.98,25.63,4924400,23.22
2006-03-28,25.37,25.82,25.07,25.4,6307700,22.82
2006-03-27,25.23,25.4,25.0,25.31,2599900,22.73
2006-03-24,25.62,25.62,24.81,25.28,5978100,22.71
2006-03-23,25.0,25.67,24.99,25.53,7362200,22.93
2006-03-22,24.43,24.76,24.29,24.76,3659500,22.24
2006-03-21,24.98,25.23,24.43,24.49,4441200,22.0
2006-03-20,24.89,25.21,24.84,25.04,2434400,22.49
2006-03-17,25.19,25.33,24.95,25.04,4586700,22.49
2006-03-16,25.07,25.23,24.76,24.97,2759800,22.43
2006-03-15,25.18,25.29,24.82,25.08,4801200,22.53
2006-03-14,24.52,25.24,24.48,25.19,3084500,22.63
2006-03-13,24.46,24.88,24.32,24.7,3485800,22.19
2006-03-10,24.21,24.56,24.13,24.37,3618000,21.89
2006-03-09,24.27,24.57,24.18,24.21,2627800,21.75
2006-03-08,24.63,24.76,24.22,24.34,3338100,21.86
2006-03-07,24.87,24.88,24.57,24.65,2398800,22.14
2006-03-06,24.81,25.11,24.54,24.75,3181000,22.23
2006-03-03,24.42,25.26,24.42,24.89,4521600,22.36
2006-03-02,24.41,25.12,24.05,24.8,4663800,22.28
2006-03-01,24.85,25.39,24.01,25.09,11214600,22.54
2006-02-28,23.39,24.61,23.39,24.54,9147800,22.04
2006-02-27,22.73,23.22,22.63,23.07,4298000,20.72
2006-02-24,22.67,22.97,22.4,22.7,3303100,20.39
2006-02-23,22.81,23.23,22.71,22.82,3322400,20.5
2006-02-22,22.47,23.06,22.38,22.9,3655700,20.57
2006-02-21,22.87,23.04,22.39,22.49,4045200,20.2
2006-02-17,23.2,23.36,22.93,22.95,2582500,20.62
2006-02-16,23.34,23.45,22.95,23.31,2230400,20.94
2006-02-15,22.75,23.44,22.52,23.27,3519800,20.9
2006-02-14,22.62,22.8,22.31,22.77,4800100,20.45
2006-02-13,22.85,22.98,22.53,22.68,3222500,20.37
2006-02-10,23.06,23.18,22.7,22.98,2710500,20.64
2006-02-09,23.39,23.48,22.84,22.91,3886400,20.58
2006-02-08,23.25,23.55,23.03,23.5,3150100,21.11
2006-02-07,23.25,23.39,23.05,23.21,2936600,20.85
2006-02-06,22.94,23.29,22.9,23.22,2149700,20.86
2006-02-03,22.93,23.4,22.86,23.14,3767600,20.79
2006-02-02,23.61,23.61,23.09,23.4,5589500,21.02
2006-02-01,23.42,23.72,23.34,23.49,3823700,21.1
2006-01-31,23.54,23.83,23.35,23.71,3756000,21.3
2006-01-30,23.7,23.85,23.42,23.43,2692700,21.05
2006-01-27,23.43,24.0,23.26,23.64,6314000,21.23
2006-01-26,23.16,23.46,22.83,23.4,5053900,21.02
2006-01-25,23.11,23.22,22.66,22.8,4465900,20.48
2006-01-24,22.61,23.1,22.35,23.05,6153200,20.7
2006-01-23,21.95,22.7,21.95,22.52,5081200,20.23
2006-01-20,22.56,22.63,21.9,22.01,4919300,19.77
2006-01-19,22.07,22.71,22.07,22.54,4618600,20.25
2006-01-18,22.17,22.49,21.93,22.24,3289100,19.98
2006-01-17,22.4,22.44,22.1,22.2,3454700,19.94
2006-01-13,22.76,22.82,22.4,22.44,2388900,20.16
2006-01-12,23.09,23.09,22.5,22.59,4694400,20.29
2006-01-11,23.15,23.22,22.84,23.01,3077500,20.67
2006-01-10,22.36,23.06,22.33,23.02,3912100,20.68
2006-01-09,22.19,22.6,22.19,22.58,4596800,20.28
2006-01-06,22.79,22.79,22.13,22.58,6127700,20.28
2006-01-05,22.51,22.62,22.39,22.48,7763300,20.19
2006-01-04,22.65,22.72,22.24,22.6,4954700,20.3
2006-01-03,22.83,22.88,21.9,22.62,7335400,20.32
2005-12-30,23.01,23.04,22.69,22.71,1867400,20.4
2005-12-29,23.2,23.21,22.93,22.99,1776800,20.65
2005-12-28,23.3,23.3,22.99,23.01,2145500,20.67
2005-12-27,23.45,23.45,22.92,23.07,2637400,20.72
2005-12-23,23.3,23.55,23.29,23.4,1834400,21.02
2005-12-22,23.19,23.47,22.94,23.41,4449900,21.03
2005-12-21,23.32,23.48,23.11,23.19,3380300,20.83
2005-12-20,22.3,23.27,22.29,23.15,4848200,20.79
2005-12-19,23.08,23.08,22.38,22.39,3009400,20.11
2005-12-16,23.26,23.34,22.6,22.6,6307800,20.3
2005-12-15,23.17,23.37,22.77,23.18,2765400,20.82
2005-12-14,23.05,23.3,22.93,23.17,2425600,20.81
2005-12-13,22.8,23.26,22.66,22.98,3136700,20.64
2005-12-12,22.49,23.01,22.23,22.93,2732400,20.6
2005-12-09,22.53,22.68,22.14,22.45,3259000,20.17
2005-12-08,22.67,22.9,22.3,22.43,3593900,20.15
2005-12-07,22.76,22.86,22.55,22.68,2853800,20.37
2005-12-06,23.06,23.06,22.77,22.8,2572700,20.48
2005-12-05,23.12,23.12,22.67,22.88,4988200,20.55
2005-12-02,23.29,23.29,22.94,23.1,3313100,20.75
2005-12-01,23.0,23.4,22.86,23.21,6077400,20.85
2005-11-30,22.9,23.25,22.7,23.1,5011400,20.75
2005-11-29,23.18,23.18,22.72,22.84,4987700,20.52
2005-11-28,23.24,23.54,22.93,22.93,4042800,20.6
2005-11-25,23.41,23.54,23.1,23.25,1587700,20.88
2005-11-23,23.38,23.52,23.0,23.43,2286700,21.05
2005-11-22,23.18,23.5,23.0,23.23,3800200,20.87
2005-11-21,23.06,23.36,22.99,23.27,3963900,20.9
2005-11-18,23.33,23.33,22.96,23.27,6431900,20.9
2005-11-17,23.0,23.12,22.94,23.06,7179500,20.71
2005-11-16,22.8,23.36,22.8,23.0,5394900,20.66
2005-11-15,23.2,23.27,22.52,22.8,10915900,20.48
2005-11-14,23.64,24.14,23.62,23.86,5280800,21.43
2005-11-11,23.93,23.95,23.45,23.75,3663200,21.33
2005-11-10,23.5,24.0,23.27,23.93,4173800,21.5
2005-11-09,23.4,23.65,23.29,23.36,3668500,20.98
2005-11-08,23.54,23.58,23.11,23.49,4428000,21.1
2005-11-07,23.53,23.64,23.26,23.36,4522600,20.98
2005-11-04,23.8,23.86,23.1,23.33,5504700,20.96
2005-11-03,23.1,23.78,23.1,23.61,10499100,21.21
2005-11-02,22.95,23.52,22.95,23.5,5975100,21.11
2005-11-01,22.83,23.12,22.65,22.92,6366100,20.59
2005-10-31,21.91,22.99,21.91,22.73,7962200,20.42
2005-10-28,21.85,22.05,21.62,22.0,4068500,19.76
2005-10-27,21.65,22.02,21.53,21.54,5846700,19.35
2005-10-26,21.41,21.98,21.4,21.87,5468700,19.64
2005-10-25,21.42,21.64,21.31,21.57,2679200,19.38
2005-10-24,21.48,21.63,21.19,21.6,3645400,19.4
2005-10-21,21.5,21.6,21.08,21.33,5332800,19.16
2005-10-20,20.96,21.35,20.86,21.22,7860400,19.06
2005-10-19,20.88,20.99,20.44,20.95,6301100,18.82
2005-10-18,21.01,21.09,20.55,20.73,4525000,18.62
2005-10-17,21.25,21.25,20.76,21.08,5107100,18.94
2005-10-14,21.29,21.46,21.11,21.25,3214700,19.09
2005-10-13,20.95,21.34,20.8,21.15,4520200,19.0
2005-10-12,21.09,21.1,20.55,20.91,6090800,18.78
2005-10-11,21.52,21.67,21.08,21.15,6309600,19.0
2005-10-10,21.57,21.86,21.33,21.64,4113900,19.44
2005-10-07,21.99,22.07,21.46,21.47,6756300,19.29
2005-10-06,21.29,21.67,21.16,21.35,6439500,19.18
2005-10-05,21.9,21.95,21.41,21.42,6633100,19.24
2005-10-04,21.72,22.08,21.62,21.79,4578900,19.57
2005-10-03,22.25,22.33,21.32,21.72,5793400,19.51
2005-09-30,20.83,21.41,20.78,21.32,5351100,19.15
2005-09-29,20.74,21.15,20.36,21.11,5701300,18.96
2005-09-28,20.91,21.19,20.62,20.78,4259400,18.67
2005-09-27,21.09,21.13,20.76,21.07,3910900,18.93
2005-09-26,20.87,21.18,20.86,21.04,4288100,18.9
2005-09-23,20.76,21.26,20.62,20.98,5163400,18.85
2005-09-22,20.47,20.99,20.45,20.89,4429600,18.76
2005-09-21,20.91,21.01,20.57,20.69,7673800,18.59
2005-09-20,21.06,21.41,20.87,21.03,4738400,18.89
2005-09-19,21.02,21.27,20.96,21.11,3377700,18.96
2005-09-16,21.44,21.45,20.87,21.28,9114800,19.11
2005-09-15,21.4,21.55,21.25,21.33,4566500,19.16
2005-09-14,21.89,21.89,21.46,21.49,3709000,19.3
2005-09-13,21.67,21.8,21.42,21.54,3143400,19.35
2005-09-12,21.79,21.85,21.7,21.73,4135500,19.52
2005-09-09,21.9,21.91,21.7,21.74,3294600,19.53
2005-09-08,22.1,22.17,21.67,21.67,4062100,19.47
2005-09-07,21.84,21.98,21.54,21.98,3270000,19.74
2005-09-06,21.49,21.84,21.49,21.79,5383300,19.57
2005-09-02,21.66,21.69,21.43,21.5,2621000,19.31
2005-09-01,21.95,22.05,21.56,21.59,4838100,19.39
2005-08-31,21.77,22.09,21.65,21.93,5689700,19.7
2005-08-30,22.4,22.48,21.68,21.85,5415800,19.63
2005-08-29,22.38,22.72,22.06,22.51,4111000,20.22
2005-08-26,22.45,22.45,22.14,22.28,2629500,20.01
2005-08-25,22.22,22.51,22.2,22.44,2602000,20.16
2005-08-24,22.4,22.87,22.18,22.22,4122300,19.96
2005-08-23,22.37,22.65,22.28,22.41,3170400,20.13
2005-08-22,22.41,22.74,22.29,22.55,4483300,20.26
2005-08-19,22.41,22.69,22.3,22.43,5392100,20.15
2005-08-18,21.77,22.48,21.69,22.31,2992900,20.04
2005-08-17,21.6,22.31,21.55,22.0,3224900,19.76
2005-08-16,22.41,22.45,21.59,21.75,4602500,19.54
2005-08-15,22.14,22.42,21.99,22.32,4379500,20.05
2005-08-12,22.19,22.31,21.97,22.23,5290900,19.97
2005-08-11,22.61,22.77,22.06,22.31,3282100,20.04
2005-08-10,22.85,23.24,22.42,22.47,4020300,20.18
2005-08-09,22.25,22.81,22.04,22.77,4336400,20.45
2005-08-08,21.99,22.38,21.96,22.24,3765000,19.98
2005-08-05,22.05,22.25,21.74,21.97,2782600,19.73
2005-08-04,22.43,22.43,22.03,22.19,3527300,19.93
2005-08-03,22.76,22.76,22.22,22.49,2927600,20.2
2005-08-02,22.64,23.02,22.59,22.8,1663000,20.48
2005-08-01,22.69,22.9,22.54,22.7,2752500,20.39
2005-07-29,23.09,23.2,22.76,22.77,2620000,20.45
2005-07-28,22.7,23.28,22.63,23.14,2552400,20.79
2005-07-27,23.01,23.01,22.69,23.01,2664200,20.67
2005-07-26,23.2,23.34,22.87,22.88,3769500,20.55
2005-07-25,23.39,23.84,23.14,23.2,4799700,20.84
2005-07-22,23.44,23.47,23.17,23.38,3289400,21.0
2005-07-21,23.2,23.66,22.94,23.35,6251000,20.97
2005-07-20,22.7,22.94,22.59,22.79,3415800,20.47
2005-07-19,23.14,23.27,22.78,22.88,3689800,20.55
2005-07-18,23.05,23.29,23.02,23.04,3046200,20.7
2005-07-15,22.75,23.5,22.72,23.19,5485300,20.83
2005-07-14,22.27,22.74,22.22,22.65,2937600,20.35
2005-07-13,22.32,22.5,22.28,22.43,2136800,20.15
2005-07-12,22.36,22.5,22.28,22.38,2836300,20.1
2005-07-11,21.83,22.37,21.8,22.36,3359900,20.09
2005-07-08,21.27,21.95,21.19,21.92,4463100,19.69
2005-07-07,21.12,21.44,20.95,21.24,3635500,19.08
2005-07-06,21.43,21.52,21.09,21.28,3932900,19.11
2005-07-05,21.08,21.57,20.81,21.5,3087200,19.31
2005-07-01,21.44,21.48,20.82,20.99,6515800,18.85
2005-06-30,21.37,21.79,21.29,21.29,3064000,19.12
2005-06-29,21.73,21.8,21.42,21.59,2907700,19.39
2005-06-28,21.49,21.9,21.32,21.77,4643100,19.56
2005-06-27,21.26,21.71,21.26,21.41,3234800,19.23
2005-06-24,21.7,21.82,21.45,21.57,4505100,19.38
2005-06-23,21.92,22.12,21.61,21.72,4818500,19.51
2005-06-22,22.04,22.2,21.68,21.95,5000100,19.72
2005-06-21,22.11,22.11,21.81,21.85,2402400,19.63
2005-06-20,21.84,22.21,21.83,22.06,2481600,19.82
2005-06-17,22.42,22.46,22.09,22.14,6339000,19.89
2005-06-16,22.36,22.42,21.94,22.34,3353100,20.07
2005-06-15,22.22,22.41,21.96,22.37,2340300,20.09
2005-06-14,22.14,22.4,21.97,22.19,3618100,19.93
2005-06-13,21.75,22.4,21.68,22.27,3194700,20.0
2005-06-10,22.03,22.12,21.88,22.0,2326800,19.76
2005-06-09,21.8,22.32,21.73,22.16,3845000,19.91
2005-06-08,22.23,22.24,21.86,21.89,2158000,19.66
2005-06-07,21.89,22.6,21.79,22.15,3842500,19.9
2005-06-06,21.69,22.08,21.47,21.84,3273000,19.62
2005-06-03,22.37,22.41,21.78,21.8,2340400,19.58
2005-06-02,21.98,22.4,21.8,22.29,3232900,20.02
2005-06-01,21.35,22.33,21.34,21.94,3879300,19.71
2005-05-31,21.55,21.84,21.36,21.56,3368900,19.37
2005-05-27,21.65,21.86,21.58,21.7,3653700,19.49
2005-05-26,22.07,22.2,21.64,21.73,5501700,19.52
2005-05-25,21.73,22.05,21.73,21.87,2733200,19.64
2005-05-24,22.05,22.05,21.61,21.81,3356900,19.59
2005-05-23,21.8,22.11,21.76,21.96,2516800,19.73
2005-05-20,22.31,22.48,21.95,22.07,3015300,19.82
2005-05-19,21.88,22.35,21.83,22.1,4871900,19.85
2005-05-18,21.71,22.33,21.6,22.12,7705400,19.87
2005-05-17,21.34,21.73,21.07,21.56,10683200,19.37
2005-05-16,19.85,20.57,19.78,20.54,5518000,18.45
2005-05-13,19.8,20.22,19.65,19.99,4648200,17.96
2005-05-12,19.9,20.18,19.58,19.72,2800900,17.71
2005-05-11,19.99,20.03,19.42,20.0,7073700,17.97
2005-05-10,20.38,20.39,19.75,19.96,4686100,17.93
2005-05-09,19.79,20.55,19.79,20.55,6474500,18.46
2005-05-06,20.14,20.41,19.59,19.82,4186900,17.8
2005-05-05,20.28,20.35,19.95,20.1,3360500,18.06
2005-05-04,19.95,20.38,19.56,20.23,6322300,18.17
2005-05-03,19.17,20.05,19.17,19.88,8386600,17.86
2005-05-02,19.05,19.32,18.87,19.16,3165000,17.21
2005-04-29,19.14,19.27,18.64,19.07,4537400,17.13
2005-04-28,19.37,19.39,18.98,19.07,3783800,17.13
2005-04-27,19.43,19.75,19.25,19.57,3406800,17.58
2005-04-26,19.51,19.71,19.2,19.5,4677000,17.52
2005-04-25,19.4,20.01,19.4,19.84,5371400,17.82
2005-04-22,19.9,19.9,19.4,19.49,5420700,17.51
2005-04-21,18.98,19.97,18.76,19.95,6472000,17.92
2005-04-20,19.21,19.28,18.64,18.64,7142700,16.74
2005-04-19,19.56,19.68,19.25,19.25,4244900,17.29
2005-04-18,19.74,19.75,19.27,19.57,4825500,17.58
2005-04-15,30.3,30.44,29.0,29.25,10261500,17.52
2005-04-14,31.27,31.32,30.66,30.66,4424600,18.36
2005-04-13,31.21,31.29,30.78,30.81,3841800,18.45
2005-04-12,30.91,31.32,30.6,31.18,4375000,18.67
2005-04-11,30.75,31.25,30.69,31.09,2836400,18.62
2005-04-08,31.65,31.65,30.75,30.85,5106600,18.47
2005-04-07,31.59,31.76,31.37,31.61,4567200,18.93
2005-04-06,31.77,31.91,31.4,31.65,3838400,18.95
2005-04-05,31.88,31.9,31.16,31.65,8078700,18.95
2005-04-04,30.72,31.65,30.42,31.61,7862800,18.93
2005-04-01,31.45,31.58,30.24,30.45,8794000,18.23
2005-03-31,31.25,31.49,31.1,31.43,2811300,18.82
2005-03-30,31.05,31.44,30.81,31.16,3908200,18.66
2005-03-29,30.75,31.2,30.69,31.03,4739600,18.58
2005-03-28,30.89,31.24,30.78,30.94,4090600,18.53
2005-03-24,31.02,31.27,30.61,30.99,4973200,18.56
2005-03-23,30.28,31.23,30.02,31.13,9686100,18.64
2005-03-22,30.4,30.7,30.23,30.27,7735200,17.98
2005-03-21,30.46,30.84,30.25,30.4,6026000,18.05
2005-03-18,29.91,30.57,29.83,30.51,10339500,18.12
2005-03-17,30.72,30.8,29.47,29.82,13134300,17.71
2005-03-16,31.85,31.97,30.62,30.83,9007600,18.31
2005-03-15,32.34,32.56,31.96,32.13,4052000,19.08
2005-03-14,32.07,32.7,32.02,32.43,4439800,19.26
2005-03-11,32.55,33.03,31.96,32.15,4362200,19.09
2005-03-10,32.67,32.91,32.49,32.64,3264600,19.38
2005-03-09,32.47,33.02,32.46,32.67,4175700,19.4
2005-03-08,31.88,32.92,31.88,32.68,5758800,19.41
2005-03-07,32.0,32.21,31.9,32.16,2956200,19.1
2005-03-04,31.55,32.1,31.49,31.81,3688600,18.89
2005-03-03,31.68,31.79,31.23,31.41,3623100,18.65
2005-03-02,31.52,31.84,31.41,31.61,3064600,18.77
2005-03-01,31.8,31.92,31.53,31.65,4195400,18.8
2005-02-28,32.09,32.23,31.52,31.52,4971400,18.72
2005-02-25,32.2,32.32,31.72,32.1,4391600,19.06
2005-02-24,32.13,32.41,31.24,32.3,5859900,19.18
2005-02-23,31.32,32.03,31.32,31.81,4247600,18.89
2005-02-22,31.3,31.75,31.17,31.19,3359400,18.52
2005-02-18,31.63,31.8,31.29,31.49,3203200,18.7
2005-02-17,32.1,32.41,31.67,31.71,3912300,18.83
2005-02-16,32.04,32.49,32.0,32.27,2882000,19.16
2005-02-15,32.18,32.38,32.05,32.29,3708000,19.18
2005-02-14,32.31,32.52,31.9,32.26,3793000,19.16
2005-02-11,31.3,32.38,31.13,32.18,3406500,19.11
2005-02-10,31.34,31.41,30.89,31.34,5479600,18.61
2005-02-09,32.0,32.15,31.32,31.4,2975200,18.65
2005-02-08,31.9,32.3,31.8,32.14,3459300,19.09
2005-02-07,32.23,32.31,31.9,31.97,3541000,18.99
2005-02-04,31.94,32.36,31.5,32.32,4729500,19.19
2005-02-03,32.18,32.41,31.72,31.93,4691800,18.96
2005-02-02,32.7,32.81,32.13,32.26,3775800,19.16
2005-02-01,32.72,33.01,32.52,32.73,2727800,19.44
2005-01-31,32.53,32.79,32.31,32.74,2292800,19.44
2005-01-28,32.24,32.36,31.58,32.14,3582600,19.09
2005-01-27,32.31,32.52,32.0,32.39,2907200,19.24
2005-01-26,32.42,32.68,32.03,32.39,3506100,19.24
2005-01-25,31.86,32.67,31.75,32.48,5242000,19.29
2005-01-24,31.71,32.09,31.51,31.75,3861400,18.86
2005-01-21,32.22,32.35,31.65,31.74,4972000,18.85
2005-01-20,32.73,32.8,32.11,32.18,3054900,19.11
2005-01-19,33.33,33.39,32.64,32.69,3479800,19.41
2005-01-18,32.61,33.37,32.61,33.25,3440400,19.75
2005-01-14,32.27,33.12,32.27,32.89,4287600,19.53
2005-01-13,32.54,32.7,32.25,32.37,3722600,19.22
2005-01-12,32.64,32.75,32.15,32.72,4481800,19.43
2005-01-11,32.0,32.85,32.0,32.55,4445200,19.33
2005-01-10,32.26,32.74,32.08,32.3,3822900,19.18
2005-01-07,32.2,32.92,32.13,32.4,3996900,19.24
2005-01-06,32.13,32.37,32.04,32.16,3752600,19.1
2005-01-05,32.29,32.61,32.13,32.14,3129900,19.09
2005-01-04,33.08,33.24,32.18,32.18,4171800,19.11
2005-01-03,33.56,33.88,32.7,32.85,4759600,19.51
2004-12-31,33.5,33.83,33.35,33.71,2332800,20.02
2004-12-30,33.4,33.61,33.24,33.45,2241900,19.87
2004-12-29,33.37,33.37,33.07,33.35,2447000,19.81
2004-12-28,32.94,33.36,32.66,33.35,2215500,19.81
2004-12-27,33.45,33.47,32.7,32.82,3119700,19.49
2004-12-23,33.45,33.55,33.2,33.39,2322900,19.83
2004-12-22,32.78,33.53,32.66,33.53,4227600,19.91
2004-12-21,32.91,33.22,32.68,33.11,4625100,19.66
2004-12-20,33.2,33.48,32.69,32.73,4046700,19.44
2004-12-17,33.21,33.59,32.95,32.97,5148800,19.58
2004-12-16,33.36,33.43,33.01,33.01,5113000,19.6
2004-12-15,33.05,33.85,33.01,33.3,5414000,19.78
2004-12-14,32.78,33.35,32.63,33.18,3198200,19.71
2004-12-13,32.93,32.98,32.48,32.89,4075600,19.53
2004-12-10,32.46,33.29,32.4,32.89,3226400,19.53
2004-12-09,32.21,32.99,32.12,32.77,3530100,19.46
2004-12-08,31.78,32.58,31.78,32.47,3772400,19.28
2004-12-07,31.9,32.42,31.76,31.78,3997500,18.87
2004-12-06,32.66,32.78,31.99,32.0,4310100,19.0
2004-12-03,32.67,33.05,32.63,32.81,4072600,19.49
2004-12-02,32.68,32.88,32.1,32.83,4319800,19.5
2004-12-01,32.19,32.96,32.05,32.96,6282200,19.57
2004-11-30,32.26,32.39,31.8,31.91,6416100,18.95
2004-11-29,32.1,32.46,32.0,32.34,3431600,19.21
2004-11-26,32.03,32.25,31.97,32.2,1506600,19.12
2004-11-24,31.97,32.14,31.5,32.04,3985000,19.03
2004-11-23,31.87,31.99,30.93,31.76,6194600,18.86
2004-11-22,30.8,31.79,30.66,31.52,4632200,18.72
2004-11-19,31.55,31.55,30.77,30.8,2680800,18.29
2004-11-18,31.35,31.68,31.05,31.31,3122700,18.59
2004-11-17,30.81,31.92,30.74,31.37,5609200,18.63
2004-11-16,31.31,31.54,30.44,30.87,7711000,18.33
2004-11-15,30.91,31.25,30.26,31.19,6310600,18.52
2004-11-12,29.98,30.5,29.84,30.5,3710700,18.11
2004-11-11,30.35,30.44,27.8,29.93,5686400,17.78
2004-11-10,30.21,30.23,29.5,29.65,4698200,17.61
2004-11-09,30.27,30.58,29.85,29.97,3719700,17.8
2004-11-08,30.61,30.75,29.82,30.19,6315900,17.93
2004-11-05,30.94,31.52,30.82,31.2,5611800,18.53
2004-11-04,29.99,30.7,29.88,30.7,3682800,18.23
2004-11-03,30.25,30.32,29.74,30.0,3595200,17.82
2004-11-02,30.02,30.11,29.75,29.88,3207400,17.75
2004-11-01,29.57,30.0,29.19,30.0,3944400,17.82
2004-10-29,29.56,29.87,29.43,29.74,3771400,17.66
2004-10-28,29.35,29.71,29.0,29.58,3010600,17.57
2004-10-27,28.52,29.5,28.09,29.25,4959000,17.37
2004-10-26,28.21,28.75,28.05,28.67,3565200,17.03
2004-10-25,28.51,28.69,27.85,28.26,4008200,16.78
2004-10-22,29.04,29.1,28.52,28.73,3691500,17.06
2004-10-21,28.65,29.09,28.42,29.05,4057400,17.25
2004-10-20,28.49,28.9,28.29,28.85,3817200,17.13
2004-10-19,29.19,29.37,28.41,28.51,4715100,16.93
2004-10-18,28.82,29.39,28.47,29.38,3067600,17.45
2004-10-15,28.79,29.25,28.55,28.8,3770000,17.1
2004-10-14,29.06,29.06,28.6,28.71,3652000,17.05
2004-10-13,29.61,29.75,29.04,29.3,2592800,17.4
2004-10-12,29.6,29.68,29.06,29.53,3345000,17.54
2004-10-11,29.47,29.91,29.4,29.75,1536000,17.67
2004-10-08,29.92,29.96,29.17,29.4,3405800,17.46
2004-10-07,30.35,30.38,29.86,29.87,2263500,17.74
2004-10-06,30.39,30.47,29.98,30.24,2915200,17.96
2004-10-05,30.4,30.64,30.24,30.41,2472600,18.06
2004-10-04,29.89,30.53,29.73,30.47,6264600,18.1
2004-10-01,30.25,30.31,29.59,29.69,4213000,17.63
2004-09-30,28.96,30.09,28.8,29.82,7617300,17.71
2004-09-29,29.19,29.23,28.42,29.12,7226800,17.29
2004-09-28,29.23,29.43,29.0,29.25,2060400,17.37
2004-09-27,29.29,29.52,29.1,29.22,3306400,17.35
2004-09-24,29.07,29.69,28.88,29.37,3328500,17.44
2004-09-23,29.12,29.26,28.84,29.01,3016800,17.23
2004-09-22,29.32,29.4,28.9,29.04,2742200,17.25
2004-09-21,29.31,29.57,29.14,29.39,4127200,17.45
2004-09-20,29.21,29.41,28.9,29.13,4122400,17.3
2004-09-17,29.79,29.93,29.17,29.24,4880800,17.37
2004-09-16,29.49,29.73,29.19,29.64,4324000,17.6
2004-09-15,29.79,29.85,29.39,29.59,3795900,17.57
2004-09-14,29.21,30.13,29.2,29.7,7751800,17.64
2004-09-13,30.09,30.43,29.87,30.2,4224900,17.94
2004-09-10,29.32,30.09,28.81,30.0,5891400,17.82
2004-09-09,29.29,29.74,29.11,29.4,3636600,17.46
2004-09-08,29.48,29.69,29.3,29.33,2949400,17.42
2004-09-07,29.27,29.76,29.18,29.51,4877100,17.53
2004-09-03,29.26,29.65,29.04,29.16,3839200,17.32
2004-09-02,28.5,29.43,28.49,29.33,4212300,17.42
2004-09-01,28.56,28.84,28.17,28.71,3166600,17.05
2004-08-31,28.95,29.16,28.43,28.68,3704800,17.03
2004-08-30,29.17,29.49,28.9,28.93,2102200,17.18
2004-08-27,29.21,29.52,29.14,29.4,1941000,17.46
2004-08-26,29.22,29.49,29.18,29.3,2508300,17.4
2004-08-25,29.01,29.49,28.7,29.36,3115500,17.44
2004-08-24,29.07,29.67,28.71,28.89,3267200,17.16
2004-08-23,29.14,29.38,28.74,28.84,2664600,17.13
2004-08-20,29.36,29.5,29.12,29.12,3199600,17.29
2004-08-19,29.27,29.64,28.91,29.5,3595000,17.52
2004-08-18,28.78,29.41,28.72,29.35,4358700,17.43
2004-08-17,28.46,29.66,28.02,28.87,9925600,17.15
2004-08-16,26.94,28.0,26.74,27.88,5348700,16.56
2004-08-13,26.63,27.14,26.63,26.78,2927700,15.9
2004-08-12,27.43,27.69,26.8,26.91,3441600,15.98
2004-08-11,27.84,27.85,27.4,27.54,2866800,16.36
2004-08-10,27.42,27.97,27.34,27.96,3073800,16.61
2004-08-09,26.87,27.53,26.79,27.26,4129200,16.19
2004-08-06,27.55,27.62,25.87,26.78,6981000,15.9
2004-08-05,28.15,28.36,27.63,27.69,6205600,16.44
2004-08-04,28.37,28.55,27.84,28.05,3610600,16.66
2004-08-03,28.8,29.15,28.38,28.49,2811600,16.92
2004-08-02,28.52,29.2,28.44,29.02,2621100,17.23
2004-07-30,28.92,29.17,28.7,28.88,2868300,17.15
2004-07-29,28.77,29.18,28.64,28.88,4084600,17.15
2004-07-28,28.2,28.55,27.5,28.42,3384300,16.88
2004-07-27,28.07,28.47,27.97,28.42,3280500,16.88
2004-07-26,28.53,28.6,27.78,27.99,3577500,16.62
2004-07-23,28.13,28.5,27.93,28.4,3896200,16.87
2004-07-22,28.68,28.69,27.29,28.19,9284800,16.74
2004-07-21,29.76,29.76,29.02,29.03,3303900,17.24
2004-07-20,28.96,29.9,28.89,29.65,4997400,17.61
2004-07-19,28.87,29.0,28.42,28.55,4193000,16.96
2004-07-16,29.36,29.38,28.6,28.66,5302200,17.02
2004-07-15,28.95,29.31,28.55,29.1,3264000,17.28
2004-07-14,29.04,29.43,28.9,28.99,4875600,17.22
2004-07-13,28.79,29.35,28.67,29.19,3967500,17.34
2004-07-12,28.1,29.03,28.02,28.71,4349600,17.05
2004-07-09,28.42,28.45,27.72,28.01,5485800,16.63
2004-07-08,28.8,28.8,28.19,28.2,4003000,16.75
2004-07-07,28.45,28.75,28.28,28.61,6527200,16.99
2004-07-06,28.75,29.08,28.41,28.52,5098200,16.94
2004-07-02,28.67,29.34,28.51,28.76,3658500,17.08
2004-07-01,29.64,29.66,28.38,28.68,7418100,17.03
2004-06-30,29.29,29.45,28.89,29.41,5540200,17.47
2004-06-29,29.82,30.0,29.22,29.33,5161400,17.42
2004-06-28,30.11,30.44,29.68,29.94,5325400,17.78
2004-06-25,30.14,30.5,29.61,29.61,6368800,17.59
2004-06-24,29.72,30.35,29.67,30.15,4155300,17.91
2004-06-23,29.68,30.18,29.52,30.14,6532000,17.9
2004-06-22,29.18,29.75,29.1,29.7,3554700,17.64
2004-06-21,29.29,29.57,29.15,29.25,4375400,17.37
2004-06-18,29.46,29.95,29.07,29.34,6936000,17.42
2004-06-17,29.59,29.65,29.06,29.44,4527900,17.48
2004-06-16,29.16,29.69,28.98,29.58,6147800,17.57
2004-06-15,28.79,29.25,28.74,29.1,4897000,17.28
2004-06-14,28.67,29.14,28.23,28.72,5000200,17.06
2004-06-10,28.69,29.38,28.1,29.01,4633200,17.23
2004-06-09,28.75,29.32,28.52,28.63,7762800,17.0
2004-06-08,28.04,29.28,27.98,28.85,13209600,17.13
2004-06-07,27.43,28.27,27.41,28.11,6989800,16.69
2004-06-04,27.49,27.74,27.16,27.36,4623400,16.25
2004-06-03,27.19,27.8,27.12,27.18,2727800,16.14
2004-06-02,27.45,27.55,27.04,27.37,3473100,16.25
2004-06-01,27.41,27.78,27.22,27.44,4845400,16.3
2004-05-28,27.51,27.69,27.26,27.58,2546800,16.38
2004-05-27,27.54,27.95,27.32,27.58,4903500,16.38
2004-05-26,27.11,27.52,26.84,27.52,4873400,16.34
2004-05-25,26.59,27.36,26.47,27.28,5284600,16.2
2004-05-24,26.55,26.98,26.3,26.71,3274000,15.86
2004-05-21,26.55,26.98,26.35,26.72,3251400,15.87
2004-05-20,26.71,27.0,26.0,26.36,7879000,15.66
2004-05-19,26.15,27.05,25.52,26.74,8097300,15.88
2004-05-18,25.6,26.63,25.25,26.39,10567200,15.67
2004-05-17,24.73,24.93,23.99,24.42,3783900,14.5
2004-05-14,25.04,25.26,24.45,24.9,2917800,14.79
2004-05-13,24.84,25.15,24.6,24.89,2883000,14.78
2004-05-12,24.64,25.06,24.18,24.94,5323400,14.81
2004-05-11,24.37,25.16,24.27,24.83,5926200,14.75
2004-05-10,24.42,24.51,23.74,24.15,6443200,14.34
2004-05-07,25.3,25.96,24.45,24.63,7799100,14.63
2004-05-06,25.76,25.77,25.25,25.55,2855200,15.17
2004-05-05,26.03,26.1,25.59,25.82,2797800,15.33
2004-05-04,25.8,26.3,25.56,25.98,4469000,15.43
2004-05-03,25.77,26.06,25.53,26.06,6139400,15.48
2004-04-30,26.11,26.62,25.63,25.73,5056800,15.28
2004-04-29,26.19,26.77,25.8,26.02,5226600,15.45
2004-04-28,27.38,27.39,26.25,26.39,5776000,15.67
2004-04-27,27.02,27.66,26.98,27.19,4201500,16.15
2004-04-26,27.73,27.73,26.6,26.84,5099600,15.94
2004-04-23,27.15,27.62,26.81,27.46,4720600,16.31
2004-04-22,26.83,27.45,26.73,27.39,4937000,16.27
2004-04-21,27.0,27.23,26.54,27.08,5500500,15.96
2004-04-20,27.3,27.59,26.96,26.99,8032800,15.91
2004-04-19,26.75,27.37,26.56,27.25,5544200,16.06
2004-04-16,26.85,27.06,26.24,26.92,5061200,15.87
2004-04-15,26.51,26.75,26.29,26.63,5990600,15.7
2004-04-14,26.71,26.8,26.11,26.35,7089600,15.53
2004-04-13,26.86,27.13,26.63,26.84,7859600,15.82
2004-04-12,26.65,27.04,26.61,26.94,5842000,15.88
2004-04-08,26.85,27.0,26.5,26.64,5929600,15.7
2004-04-07,26.68,26.99,26.4,26.76,7281300,15.78
2004-04-06,26.14,26.68,25.94,26.62,6981000,15.69
2004-04-05,25.91,26.31,25.88,26.21,7692400,15.45
2004-04-02,25.48,26.53,25.39,26.23,10036200,15.46
2004-04-01,25.27,25.47,24.97,25.21,5666800,14.86
2004-03-31,25.7,25.74,25.12,25.32,5058000,14.93
2004-03-30,25.3,25.61,25.1,25.36,7164200,14.95
2004-03-29,24.83,25.68,24.8,25.52,9401800,15.04
2004-03-26,24.91,25.32,24.67,25.04,8068200,14.76
2004-03-25,24.66,25.21,24.49,25.15,5520000,14.83
2004-03-24,24.03,24.61,23.95,24.49,6684200,14.44
2004-03-23,24.63,24.72,23.69,23.96,8408000,14.12
2004-03-22,24.93,25.04,24.31,24.65,4007100,14.53
2004-03-19,25.18,25.35,24.74,24.88,6805000,14.67
2004-03-18,24.94,25.21,24.61,25.19,9740400,14.85
2004-03-17,24.79,25.0,24.41,24.82,8037900,14.63
2004-03-16,24.61,25.04,24.36,24.4,6410800,14.38
2004-03-15,25.1,25.24,24.36,24.65,5448400,14.53
2004-03-12,25.26,25.35,24.7,25.23,5204400,14.87
2004-03-11,25.56,25.69,25.13,25.25,5173000,14.89
2004-03-10,26.0,26.19,25.63,25.65,7265400,15.12
2004-03-09,25.85,26.11,25.6,26.0,7436600,15.33
2004-03-08,26.54,26.54,25.85,26.0,5179800,15.33
2004-03-05,26.52,26.91,26.19,26.55,5711700,15.65
2004-03-04,27.48,27.5,26.25,26.55,7215800,15.65
2004-03-03,26.75,27.13,26.45,27.05,6849300,15.95
2004-03-02,27.08,27.65,27.06,27.33,6475600,16.11
2004-03-01,26.65,27.33,26.34,27.24,8272600,16.06
2004-02-27,26.05,26.49,26.0,26.15,9604200,15.42
2004-02-26,25.95,26.19,25.5,25.99,4796100,15.32
2004-02-25,26.29,26.36,25.93,25.96,4573500,15.3
2004-02-24,26.25,26.81,25.83,26.1,7155400,15.39
2004-02-23,25.76,26.5,25.65,26.25,7772600,15.47
2004-02-20,25.8,25.81,25.22,25.47,5688800,15.01
2004-02-19,25.78,25.99,25.45,25.45,4239900,15.0
2004-02-18,25.94,26.07,25.54,25.71,4766200,15.16
2004-02-17,25.61,26.29,25.6,26.25,3406000,15.47
2004-02-13,26.35,26.35,25.52,25.52,5241200,15.04
2004-02-12,26.64,26.7,26.17,26.3,3272100,15.5
2004-02-11,26.03,26.83,25.82,26.54,4831400,15.65
2004-02-10,25.75,25.97,25.65,25.85,3546000,15.24
2004-02-09,25.96,26.24,25.72,25.93,3564800,15.29
2004-02-06,25.77,26.41,25.75,26.01,4400800,15.33
2004-02-05,26.04,26.45,25.6,25.65,6004400,15.12
2004-02-04,26.78,26.78,26.1,26.19,3496600,15.44
2004-02-03,26.65,27.0,26.35,26.81,6962600,15.8
2004-02-02,26.47,26.94,26.37,26.5,5124600,15.62
2004-01-30,26.02,26.7,25.98,26.61,6932100,15.69
2004-01-29,25.82,26.05,25.39,25.98,4541200,15.32
2004-01-28,26.13,26.35,25.48,25.49,3876200,15.03
2004-01-27,26.44,26.5,25.92,25.94,2624400,15.29
2004-01-26,26.16,26.62,25.66,26.32,3931000,15.52
2004-01-23,26.14,26.48,25.94,26.47,3852000,15.6
2004-01-22,25.55,26.24,25.48,25.99,5423100,15.32
2004-01-21,25.57,25.96,25.15,25.79,6504200,15.2
2004-01-20,26.21,26.26,25.35,25.76,4710000,15.19
2004-01-16,26.41,26.53,25.91,26.19,3482600,15.44
2004-01-15,26.0,26.5,25.78,26.18,3684300,15.43
2004-01-14,26.04,26.31,25.88,26.16,3244000,15.42
2004-01-13,26.17,26.27,25.66,25.9,4239400,15.27
2004-01-12,26.21,26.22,25.46,25.95,3730200,15.3
2004-01-09,25.95,26.58,25.7,26.19,4264600,15.44
2004-01-08,26.82,26.98,26.1,26.27,4356800,15.49
2004-01-07,26.16,26.92,25.62,26.88,5565600,15.85
2004-01-06,26.15,26.24,25.78,26.06,4779600,15.36
2004-01-05,26.37,26.43,26.08,26.26,6786900,15.48
2004-01-02,27.12,27.45,26.11,26.25,5108100,15.47
2003-12-31,27.01,27.33,26.73,27.3,2804800,16.09
2003-12-30,26.84,27.1,26.59,26.89,3274600,15.85
2003-12-29,26.15,26.98,26.13,26.82,2605000,15.81
2003-12-26,26.34,26.47,26.14,26.21,1256600,15.45
2003-12-24,26.6,26.75,26.32,26.35,1125200,15.53
2003-12-23,26.15,26.86,25.94,26.76,4758400,15.78
2003-12-22,26.25,26.37,25.96,26.33,2947800,15.52
2003-12-19,26.47,26.57,25.97,26.14,7837800,15.41
2003-12-18,25.94,26.39,25.55,26.31,7052700,15.51
2003-12-17,25.31,26.01,25.14,25.9,3841000,15.27
2003-12-16,25.52,25.91,25.41,25.47,4481600,15.01
2003-12-15,26.1,26.65,25.58,25.72,4576000,15.16
2003-12-12,26.1,26.17,25.87,26.01,3181200,15.33
2003-12-11,26.03,26.45,25.85,26.16,5061800,15.42
2003-12-10,26.01,26.25,25.65,25.83,3019600,15.23
2003-12-09,26.13,26.6,26.04,26.09,5845600,15.38
2003-12-08,25.52,26.21,25.5,26.06,3367000,15.36
2003-12-05,26.53,26.55,25.64,25.75,4691700,15.18
2003-12-04,26.23,26.6,26.11,26.55,4974300,15.65
2003-12-03,26.61,27.29,26.34,26.42,5412300,15.57
2003-12-02,27.49,27.61,26.88,26.99,6969900,15.91
2003-12-01,27.36,27.87,27.24,27.77,6463500,16.37
2003-11-28,27.21,27.21,26.76,27.11,1550700,15.98
2003-11-26,26.7,27.13,26.26,27.05,4752300,15.95
2003-11-25,26.39,27.03,26.29,26.7,6531800,15.74
2003-11-24,25.73,26.64,25.73,26.64,5673200,15.7
2003-11-21,25.18,25.85,25.18,25.64,4724700,15.11
2003-11-20,24.82,25.75,24.5,25.31,5858000,14.92
2003-11-19,24.99,25.33,24.85,25.12,4461000,14.81
2003-11-18,25.28,26.14,25.05,25.2,12840000,14.86
2003-11-17,25.43,25.92,24.8,25.0,8940200,14.74
2003-11-14,26.32,26.47,25.42,25.46,6477600,15.01
2003-11-13,26.54,26.54,25.82,26.41,7022400,15.57
2003-11-12,27.14,27.18,26.5,26.75,6707600,15.77
2003-11-11,27.04,27.09,26.47,26.8,3306200,15.8
2003-11-10,26.9,27.36,26.39,26.8,4801800,15.8
2003-11-07,27.0,27.35,26.7,27.08,4394600,15.96
2003-11-06,26.81,26.97,26.5,26.86,3849000,15.83
2003-11-05,26.93,26.99,25.97,26.76,5039000,15.78
2003-11-04,27.08,27.26,26.9,26.94,3796800,15.88
2003-11-03,26.85,27.3,26.83,27.24,5887800,16.06
2003-10-31,27.01,27.09,26.46,26.72,4312200,15.75
2003-10-30,26.9,27.22,26.28,27.0,6495400,15.92
2003-10-29,26.97,26.97,26.35,26.64,6111300,15.7
2003-10-28,26.5,27.03,26.25,26.83,6371000,15.82
2003-10-27,26.13,26.38,25.93,26.27,3845800,15.49
2003-10-24,25.75,27.1,25.51,26.02,4069800,15.34
2003-10-23,25.65,26.15,25.36,25.99,5193800,15.32
2003-10-22,25.83,26.13,25.51,25.59,5696100,15.09
2003-10-21,26.04,26.14,25.55,25.91,4947000,15.27
2003-10-20,25.33,25.99,25.25,25.98,4647800,15.32
2003-10-17,25.74,25.75,25.1,25.29,5496000,14.91
2003-10-16,25.34,25.85,25.23,25.7,3950700,15.15
2003-10-15,26.0,26.1,25.25,25.4,4551900,14.97
2003-10-14,25.61,25.98,25.35,25.68,5834100,15.14
2003-10-13,25.37,26.05,25.3,26.0,8899600,15.33
2003-10-10,25.42,25.74,25.05,25.46,6010200,15.01
2003-10-09,24.65,25.61,24.49,25.48,12708600,15.02
2003-10-08,24.72,24.75,24.04,24.05,6244800,14.18
2003-10-07,24.47,24.74,24.05,24.61,7674800,14.51
2003-10-06,24.43,24.92,24.4,24.76,4407300,14.6
2003-10-03,25.09,25.09,24.09,24.71,7169700,14.57
2003-10-02,23.62,24.03,23.56,23.82,9554800,14.04
2003-10-01,23.99,24.65,23.76,24.4,6339000,14.38
2003-09-30,24.02,24.3,23.45,23.84,8560500,14.05
2003-09-29,24.42,24.6,23.69,24.27,6967600,14.31
2003-09-26,25.06,25.13,24.34,24.36,7872600,14.36
2003-09-25,24.4,25.69,24.4,25.27,12423300,14.9
2003-09-24,25.0,25.25,24.49,24.71,9103500,14.57
2003-09-23,24.12,25.07,24.03,25.0,10531200,14.74
2003-09-22,23.77,24.18,23.62,24.04,6054400,14.17
2003-09-19,24.62,24.75,23.26,24.21,5450800,14.27
2003-09-18,24.44,24.5,24.06,24.4,5989500,14.38
2003-09-17,24.3,24.44,24.2,24.31,5274300,14.33
2003-09-16,23.67,24.34,23.56,24.31,5952300,14.33
2003-09-15,23.48,23.75,23.16,23.68,5447200,13.96
2003-09-12,23.15,23.39,22.74,23.39,5763600,13.79
2003-09-11,22.69,23.34,22.65,23.2,6341000,13.68
2003-09-10,23.15,23.15,22.56,22.57,9475000,13.31
2003-09-09,23.58,23.65,23.02,23.14,5997900,13.64
2003-09-08,23.61,23.86,23.34,23.75,6524100,14.0
2003-09-05,23.81,24.04,23.35,23.56,7497300,13.89
2003-09-04,24.56,24.76,23.76,24.05,8859600,14.18
2003-09-03,24.69,24.71,24.24,24.5,8369100,14.44
2003-09-02,24.73,24.89,24.13,24.76,7227900,14.6
2003-08-29,23.69,24.73,23.65,24.72,8872200,14.57
2003-08-28,23.75,23.97,23.61,23.95,6943600,14.12
2003-08-27,23.29,23.77,23.24,23.66,6168400,13.95
2003-08-26,23.35,23.87,23.21,23.43,9378800,13.81
2003-08-25,23.14,23.61,23.11,23.54,6646500,13.88
2003-08-22,23.55,24.51,23.17,23.23,14549000,13.69
2003-08-21,22.66,23.6,22.61,23.42,18395200,13.81
2003-08-20,22.37,23.88,22.16,22.98,24478000,13.55
2003-08-19,22.49,22.9,20.14,22.53,33433800,13.28
2003-08-18,19.99,20.54,19.7,20.38,6208500,12.01
2003-08-15,19.82,20.3,19.41,19.89,2381800,11.73
2003-08-14,19.94,20.1,19.78,19.82,3875700,11.68
2003-08-13,19.74,19.94,19.53,19.74,6467700,11.64
2003-08-12,19.66,19.75,19.31,19.53,8384000,11.51
2003-08-11,19.18,19.8,19.11,19.51,5827800,11.5
2003-08-08,19.3,19.49,19.02,19.24,5048600,11.34
2003-08-07,18.95,19.56,18.95,19.27,5025200,11.36
2003-08-06,19.21,19.4,18.76,19.1,10035900,11.26
2003-08-05,19.94,19.98,19.09,19.26,6326400,11.35
2003-08-04,20.18,20.38,19.55,19.95,7969000,11.76
2003-08-01,20.03,20.57,19.97,20.47,7109100,12.07
2003-07-31,19.85,20.56,19.85,20.14,5143600,11.87
2003-07-30,20.13,20.48,19.95,19.95,5757600,11.76
2003-07-29,20.34,20.57,19.91,20.12,6164100,11.86
2003-07-28,20.09,20.92,20.06,20.39,8738400,12.02
2003-07-25,19.89,20.19,19.8,20.17,5955000,11.89
2003-07-24,20.14,20.18,19.71,19.8,6758400,11.67
2003-07-23,19.82,19.93,19.45,19.83,3792000,11.69
2003-07-22,19.62,19.98,19.32,19.84,6674200,11.7
2003-07-21,19.46,19.65,19.31,19.51,5174000,11.5
2003-07-18,19.94,19.98,19.48,19.62,5253400,11.57
2003-07-17,19.48,20.02,19.44,19.72,5756600,11.63
2003-07-16,19.95,20.01,19.43,19.66,4778400,11.59
2003-07-15,19.9,20.1,19.49,19.8,7925800,11.67
2003-07-14,20.07,20.14,19.66,19.7,6347200,11.61
2003-07-11,19.9,20.07,19.64,19.87,5709200,11.71
2003-07-10,19.4,19.66,19.05,19.32,6134600,11.39
2003-07-09,20.0,20.05,19.42,19.63,9487200,11.57
2003-07-08,18.81,19.7,18.8,19.66,9390200,11.59
2003-07-07,18.78,19.26,18.73,18.99,7110800,11.19
2003-07-03,18.42,19.0,18.29,18.66,5005200,11.0
2003-07-02,18.53,18.68,18.3,18.5,6071600,10.91
2003-07-01,18.29,18.51,17.87,18.35,7689800,10.82
2003-06-30,18.63,18.73,18.2,18.35,6794400,10.82
2003-06-27,19.02,19.15,18.36,18.52,8356800,10.92
2003-06-26,18.82,19.14,18.51,18.89,6161800,11.14
2003-06-25,18.54,19.01,18.42,18.63,8138800,10.98
2003-06-24,18.51,18.76,18.03,18.42,9098700,10.86
2003-06-23,19.12,19.19,18.12,18.25,9569000,10.76
2003-06-20,18.81,19.83,18.81,19.21,12333800,11.32
2003-06-19,19.26,19.42,18.64,19.2,7761200,11.32
2003-06-18,19.52,19.65,19.03,19.2,8650000,11.32
2003-06-17,20.17,20.3,19.43,19.71,8249600,11.62
2003-06-16,19.63,20.47,19.38,20.29,7791600,11.96
2003-06-13,19.93,20.14,19.45,19.48,7714000,11.48
2003-06-12,19.88,20.15,19.75,19.89,5945100,11.73
2003-06-11,19.85,20.37,19.7,19.8,10082200,11.67
2003-06-10,19.7,19.96,19.5,19.86,8231200,11.71
2003-06-09,19.73,19.88,19.44,19.51,9601200,11.5
2003-06-06,19.96,20.03,19.66,19.77,7677900,11.65
2003-06-05,19.74,19.89,19.58,19.68,8160000,11.6
2003-06-04,19.8,19.9,19.5,19.67,9111000,11.6
2003-06-03,19.53,19.82,19.22,19.81,6047400,11.68
2003-06-02,19.42,19.97,19.4,19.59,8692500,11.55
2003-05-30,19.26,19.46,19.16,19.39,15938000,11.43
2003-05-29,18.84,19.4,18.61,18.89,8613800,11.14
2003-05-28,19.26,19.26,18.84,18.89,8320500,11.14
2003-05-27,18.7,19.38,18.33,19.23,7106600,11.34
2003-05-23,18.79,19.01,18.38,18.88,5002200,11.13
2003-05-22,18.64,19.11,18.55,18.79,5718400,11.08
2003-05-21,18.91,19.09,18.3,18.71,13374000,11.03
2003-05-20,20.07,20.08,18.72,18.9,14134200,11.14
2003-05-19,19.94,19.96,19.56,19.74,5978200,11.64
2003-05-16,19.74,20.07,19.69,19.98,4641000,11.78
2003-05-15,20.28,20.41,19.89,20.0,6791200,11.79
2003-05-14,20.65,20.9,20.07,20.11,6073200,11.86
2003-05-13,20.79,20.8,20.36,20.55,6369000,12.11
2003-05-12,20.69,21.02,20.4,20.9,10262200,12.32
2003-05-09,20.46,20.94,20.38,20.69,4398300,12.2
2003-05-08,20.15,20.75,20.11,20.55,6083800,12.11
2003-05-07,20.21,20.62,20.05,20.35,8177700,12.0
2003-05-06,19.36,20.65,19.36,20.3,10594600,11.97
2003-05-05,19.31,19.64,19.25,19.38,6346800,11.42
2003-05-02,18.94,19.35,18.89,19.22,5738200,11.33
2003-05-01,19.1,19.2,18.74,19.01,5683200,11.21
2003-04-30,19.11,19.18,18.66,19.04,13156800,11.22
2003-04-29,19.13,19.25,18.63,19.18,8215200,11.31
2003-04-28,19.01,19.24,18.91,19.1,4994000,11.26
2003-04-25,18.93,19.1,18.75,18.86,3396000,11.12
2003-04-24,19.48,19.49,18.7,18.94,6807400,11.17
2003-04-23,19.38,19.55,19.02,19.51,4542800,11.5
2003-04-22,19.03,19.5,18.84,19.47,4202800,11.48
2003-04-21,19.4,19.4,18.87,19.05,3756600,11.23
2003-04-17,18.8,19.42,18.72,19.36,5199200,11.41
2003-04-16,19.32,19.34,18.63,18.77,6865200,11.07
2003-04-15,19.28,19.41,19.05,19.31,4683400,11.38
2003-04-14,19.1,19.48,18.89,19.45,4726200,11.47
2003-04-11,19.19,19.61,18.95,18.96,5529600,11.18
2003-04-10,18.96,19.28,18.83,19.11,3880000,11.27
2003-04-09,19.2,19.43,18.79,18.89,5471600,11.14
2003-04-08,19.15,19.28,18.78,19.15,4232800,11.29
2003-04-07,19.47,20.25,19.0,19.0,5446400,11.2
2003-04-04,19.32,19.61,18.45,18.98,3909600,11.19
2003-04-03,18.95,19.53,18.94,19.17,6491700,11.3
2003-04-02,18.54,19.06,18.2,18.88,5685600,11.13
2003-04-01,18.38,18.4,17.75,18.06,8495200,10.65
2003-03-31,18.29,18.62,17.77,18.33,6872100,10.81
2003-03-28,18.71,18.87,18.31,18.51,4328200,10.91
2003-03-27,18.96,19.09,18.65,18.99,4712100,11.19
2003-03-26,19.15,19.25,18.72,19.03,5343200,11.22
2003-03-25,18.75,19.5,18.66,19.17,7393400,11.3
2003-03-24,19.18,19.34,18.59,18.79,4697000,11.08
2003-03-21,19.69,19.81,18.94,19.52,8856900,11.51
2003-03-20,19.26,19.52,18.69,19.34,7688700,11.4
2003-03-19,19.43,19.6,19.17,19.54,5445000,11.52
2003-03-18,19.3,19.47,18.95,19.41,7590600,11.44
2003-03-17,18.66,19.53,18.37,19.36,10989800,11.41
2003-03-14,18.75,18.93,18.3,18.66,6690300,11.0
2003-03-13,17.88,18.85,17.66,18.85,9845600,11.11
2003-03-12,17.35,17.66,17.1,17.65,5488000,10.4
2003-03-11,17.5,17.61,17.3,17.5,4056000,10.32
2003-03-10,17.74,17.83,17.36,17.38,3428600,10.25
2003-03-07,17.45,17.99,17.35,17.91,7567600,10.56
2003-03-06,17.37,17.83,17.25,17.69,7972500,10.43
2003-03-05,17.25,17.66,16.89,17.65,14218000,10.4
2003-03-04,16.92,17.2,16.55,16.6,4748400,9.79
2003-03-03,17.65,17.65,16.73,16.75,7022200,9.87
2003-02-28,16.8,17.37,16.8,17.31,5104400,10.2
2003-02-27,16.68,17.08,16.53,16.9,5310600,9.96
2003-02-26,16.58,16.86,16.24,16.45,5039100,9.7
2003-02-25,16.31,16.89,15.96,16.72,6534200,9.86
2003-02-24,16.91,17.04,16.39,16.47,3875200,9.71
2003-02-21,16.6,17.16,16.15,17.03,5643400,10.04
2003-02-20,16.44,16.68,16.23,16.35,3506700,9.64
2003-02-19,16.65,16.65,16.22,16.34,5833800,9.63
2003-02-18,16.3,16.71,16.12,16.68,5949200,9.83
2003-02-14,16.41,16.41,15.73,16.34,9117400,9.63
2003-02-13,16.65,16.84,16.15,16.37,8406900,9.65
2003-02-12,17.22,17.56,17.0,17.03,4497800,10.04
2003-02-11,17.04,17.46,17.04,17.2,6304200,10.14
2003-02-10,17.03,17.3,16.87,16.98,5602500,10.01
2003-02-07,17.21,17.3,16.62,16.95,4310600,9.99
2003-02-06,17.2,17.52,16.7,16.88,3710200,9.95
2003-02-05,17.05,17.72,16.92,17.34,7094700,10.22
2003-02-04,17.14,17.14,16.75,16.95,6222300,9.99
2003-02-03,17.35,17.68,16.88,17.31,5757200,10.2
2003-01-31,16.7,17.5,16.59,17.17,5794400,10.12
2003-01-30,17.05,17.29,16.71,16.86,6572400,9.94
2003-01-29,16.97,17.35,16.5,17.11,6534300,10.09
2003-01-28,17.24,17.44,17.02,17.07,5116800,10.06
2003-01-27,17.14,17.89,16.94,17.1,5460800,10.08
2003-01-24,18.29,18.3,17.22,17.54,7663800,10.34
2003-01-23,18.11,18.48,17.95,18.32,4389200,10.8
2003-01-22,18.35,18.43,17.94,18.09,5466900,10.66
2003-01-21,18.74,19.04,18.36,18.37,8033700,10.83
2003-01-17,18.71,18.93,18.51,18.71,6176800,11.03
2003-01-16,18.4,18.74,18.27,18.71,6978000,11.03
2003-01-15,18.59,18.65,18.29,18.4,4678200,10.85
2003-01-14,18.31,18.78,18.12,18.44,6249300,10.87
2003-01-13,19.06,19.09,18.35,18.57,6565400,10.95
2003-01-10,18.53,19.04,18.34,18.94,5375000,11.17
2003-01-09,18.26,19.0,18.25,18.83,5512800,11.1
2003-01-08,18.06,18.59,18.05,18.21,3806400,10.73
2003-01-07,18.29,18.45,18.01,18.26,5905500,10.76
2003-01-06,17.91,18.52,17.88,18.38,6440200,10.84
2003-01-03,18.35,18.35,17.77,17.93,4394100,10.57
2003-01-02,18.44,18.76,18.02,18.39,7686600,10.84
2002-12-31,18.57,18.58,17.99,18.3,4120400,10.79
2002-12-30,18.24,18.71,17.96,18.63,3987800,10.98
2002-12-27,18.61,18.61,18.07,18.14,2799900,10.69
2002-12-26,18.36,18.92,18.31,18.6,2573100,10.96
2002-12-24,18.3,18.44,18.15,18.27,1302600,10.77
2002-12-23,18.76,18.89,18.25,18.45,4656000,10.88
2002-12-20,18.62,18.9,18.34,18.8,7524300,11.08
2002-12-19,17.93,18.53,17.8,18.15,6755700,10.7
2002-12-18,18.33,18.34,17.83,18.07,8400000,10.65
2002-12-17,19.15,19.31,18.28,18.5,6788100,10.91
2002-12-16,18.64,19.5,18.59,19.46,6116700,11.47
2002-12-13,18.98,19.12,18.58,18.65,5807800,10.99
2002-12-12,19.3,19.57,18.88,19.0,5720200,11.2
2002-12-11,18.54,19.31,18.54,19.29,7129800,11.37
2002-12-10,18.51,18.94,18.2,18.78,8079900,11.07
2002-12-09,18.84,18.85,17.86,18.06,9182000,10.65
2002-12-06,18.68,19.18,18.53,19.0,4906200,11.2
2002-12-05,19.21,19.25,18.51,18.98,6853000,11.19
2002-12-04,18.43,19.24,17.51,19.08,14532800,11.25
2002-12-03,18.93,18.95,18.47,18.68,5197400,11.01
2002-12-02,19.55,19.8,18.77,19.03,9495000,11.22
2002-11-29,19.06,19.5,18.95,19.3,3311200,11.38
2002-11-27,18.41,19.2,18.19,19.17,8149400,11.3
2002-11-26,18.71,18.72,17.82,18.32,10577100,10.8
2002-11-25,18.54,18.9,18.23,18.83,6204600,11.1
2002-11-22,18.32,19.14,18.3,18.51,9255300,10.91
2002-11-21,18.65,18.97,18.39,18.7,9787200,11.02
2002-11-20,18.43,18.84,18.25,18.76,13155400,11.06
2002-11-19,17.25,19.12,17.19,18.39,37231400,10.84
2002-11-18,16.37,16.54,16.04,16.23,6485200,9.57
2002-11-15,16.23,16.58,16.1,16.34,4849500,9.63
2002-11-14,15.72,16.47,15.72,16.39,7601100,9.66
2002-11-13,15.21,15.69,14.85,15.57,6908100,9.18
2002-11-12,14.81,15.5,14.73,15.25,5718000,8.99
2002-11-11,15.11,15.38,14.75,14.81,7115000,8.73
2002-11-08,15.05,15.72,15.05,15.45,7557200,9.11
2002-11-07,15.57,15.75,14.89,15.07,6621200,8.88
2002-11-06,15.54,15.79,15.15,15.7,6341000,9.26
2002-11-05,15.23,15.64,15.12,15.46,5500200,9.11
2002-11-04,15.52,15.79,15.01,15.27,4405200,9.0
2002-11-01,15.34,15.55,14.83,15.39,5916300,9.07
2002-10-31,15.6,15.66,15.2,15.42,5790400,9.09
2002-10-30,15.63,15.83,15.35,15.51,7119900,9.14
2002-10-29,15.24,15.7,14.76,15.68,6398100,9.24
2002-10-28,15.57,15.6,15.0,15.2,5555200,8.96
2002-10-25,14.72,15.62,14.48,15.58,6736800,9.18
2002-10-24,14.53,15.34,14.5,14.91,9443700,8.79
2002-10-23,14.46,14.51,13.95,14.38,7382600,8.48
2002-10-22,15.07,15.22,14.29,14.49,9372300,8.54
2002-10-21,15.79,15.83,15.06,15.21,9700800,8.97
2002-10-18,15.29,15.98,14.97,15.82,5072600,9.33
2002-10-17,15.35,15.89,15.29,15.66,5686500,9.23
2002-10-16,15.06,15.4,14.9,15.12,7601000,8.91
2002-10-15,14.51,15.35,14.51,15.17,11353000,8.94
2002-10-14,13.61,14.45,13.6,14.26,8791200,8.41
2002-10-11,12.75,13.67,12.74,13.64,10116600,8.04
2002-10-10,12.4,12.9,11.68,12.63,9869000,7.45
2002-10-09,12.49,12.94,12.3,12.39,7491000,7.3
2002-10-08,12.01,13.17,11.95,12.7,9544800,7.49
2002-10-07,13.1,13.15,11.68,11.92,7043600,7.03
2002-10-04,13.25,13.38,12.54,13.12,9521100,7.73
2002-10-03,13.02,13.2,12.85,13.01,5539000,7.67
2002-10-02,13.5,13.7,12.92,13.06,8021400,7.7
2002-10-01,12.86,13.55,12.75,13.54,5538900,7.98
2002-09-30,13.25,13.25,12.58,12.79,6798600,7.54
2002-09-27,13.68,14.14,13.28,13.3,4389900,7.84
2002-09-26,13.65,14.14,13.45,13.81,5651200,8.14
2002-09-25,13.18,13.69,13.08,13.5,6440800,7.96
2002-09-24,12.6,13.42,12.6,13.09,5973800,7.72
2002-09-23,13.41,13.41,12.84,12.91,6848400,7.61
2002-09-20,14.15,14.16,13.37,13.46,8904600,7.93
2002-09-19,14.03,14.17,13.75,13.75,4906000,8.11
2002-09-18,14.15,14.43,13.91,14.36,5066100,8.47
2002-09-17,14.77,14.95,14.13,14.2,4488300,8.37
2002-09-16,14.51,14.78,14.3,14.6,5097200,8.61
2002-09-13,14.17,14.64,14.17,14.51,4176200,8.55
2002-09-12,14.59,14.62,14.14,14.22,4253800,8.38
2002-09-11,14.92,15.4,14.55,14.65,5941000,8.64
2002-09-10,14.6,15.03,14.36,14.92,9066800,8.8
2002-09-09,14.04,14.43,13.91,14.33,8071500,8.45
2002-09-06,13.55,14.16,13.55,14.06,6510400,8.29
2002-09-05,13.25,13.62,12.94,13.54,9836100,7.98
2002-09-04,13.24,13.46,13.0,13.36,9834400,7.88
2002-09-03,13.82,13.85,13.04,13.15,9519400,7.75
2002-08-30,13.05,14.25,13.05,13.9,11606700,8.19
2002-08-29,12.95,13.45,12.89,13.05,15317400,7.69
2002-08-28,13.99,14.0,12.86,12.97,19793200,7.65
2002-08-27,14.07,14.1,13.58,13.98,10801200,8.24
2002-08-26,14.55,14.76,13.98,14.03,7063200,8.27
2002-08-23,14.31,14.8,13.64,14.58,14869500,8.6
2002-08-22,16.04,16.05,15.01,15.06,11414200,8.88
2002-08-21,15.89,16.33,15.76,16.02,7732200,9.44
2002-08-20,17.3,17.35,15.48,15.75,17046300,9.28
2002-08-19,16.55,17.25,16.4,16.9,5560500,9.96
2002-08-16,16.73,17.13,16.36,16.54,5158200,9.75
2002-08-15,16.9,17.16,16.47,16.82,4460000,9.92
2002-08-14,15.34,17.02,15.26,16.79,10189200,9.9
2002-08-13,15.2,16.2,15.14,15.25,7016000,8.99
2002-08-12,15.9,16.04,14.95,15.24,10651000,8.98
2002-08-09,15.85,16.2,15.58,15.96,5135400,9.41
2002-08-08,15.9,16.22,15.3,15.98,6336600,9.42
2002-08-07,15.72,16.09,15.47,16.03,4859200,9.45
2002-08-06,15.2,16.02,15.01,15.5,4334800,9.14
2002-08-05,14.77,15.5,14.68,14.73,6943200,8.68
2002-08-02,16.0,16.05,14.38,14.72,6884100,8.68
2002-08-01,16.7,16.71,15.7,15.94,6878100,9.4
2002-07-31,17.26,17.3,16.47,16.69,6475500,9.84
2002-07-30,16.85,17.3,16.52,17.29,5924800,10.19
2002-07-29,16.55,17.38,16.32,17.13,7523400,10.1
2002-07-26,15.94,16.36,15.56,16.25,7167000,9.58
2002-07-25,15.3,16.2,15.2,15.62,12964000,9.21
2002-07-24,14.38,15.65,13.88,15.45,7116800,9.11
2002-07-23,14.33,14.8,14.1,14.57,7757400,8.59
2002-07-22,14.55,15.0,14.05,14.28,7716900,8.42
2002-07-19,15.15,15.43,14.44,14.72,5363700,8.68
2002-07-18,15.24,16.1,15.23,15.42,5057100,9.09
2002-07-17,16.05,16.17,14.95,15.23,12878400,8.98
2002-07-16,15.49,16.1,15.21,15.44,8007800,9.1
2002-07-15,16.5,16.8,15.23,16.2,13397000,9.55
2002-07-12,17.23,17.33,16.53,16.69,7055700,9.84
2002-07-11,17.57,17.81,16.74,17.18,10950000,10.13
2002-07-10,17.85,18.04,17.42,17.62,7937800,10.39
2002-07-09,18.46,18.84,17.61,17.64,9516200,10.4
2002-07-08,19.22,19.25,18.34,18.44,5247200,10.87
2002-07-05,18.52,19.32,18.21,19.26,2715200,11.35
2002-07-03,17.96,18.43,17.38,18.12,7861200,10.68
2002-07-02,19.25,19.25,17.59,17.83,12206000,10.51
2002-07-01,19.45,19.49,19.05,19.12,6357300,11.27
2002-06-28,20.05,20.05,19.47,19.7,6461100,11.61
2002-06-27,19.6,19.75,19.11,19.7,6355200,11.61
2002-06-26,19.5,19.52,18.93,19.3,7567000,11.38
2002-06-25,20.27,20.5,19.57,19.64,6539600,11.58
2002-06-24,19.69,20.4,19.61,20.05,8422400,11.82
2002-06-21,19.47,19.9,19.45,19.8,11975100,11.67
2002-06-20,20.01,20.23,19.68,19.81,5338800,11.68
2002-06-19,19.72,20.2,19.67,19.91,6752400,11.74
2002-06-18,19.91,20.0,19.58,19.74,4888600,11.64
2002-06-17,20.01,20.24,19.6,19.96,6850500,11.77
2002-06-14,19.75,20.25,18.72,19.83,10770300,11.69
2002-06-13,19.83,20.12,19.66,19.81,5147000,11.68
2002-06-12,19.73,20.05,19.72,19.94,10862100,11.75
2002-06-11,19.97,20.5,19.55,19.64,5898600,11.58
2002-06-10,19.48,20.0,19.43,19.7,3928600,11.61
2002-06-07,19.52,20.1,19.38,19.45,7340100,11.47
2002-06-06,20.34,20.37,19.46,19.49,5101600,11.49
2002-06-05,19.75,20.41,19.55,20.35,5502000,12.0
2002-06-04,20.05,20.18,19.31,19.7,7365200,11.61
2002-06-03,21.0,21.02,19.89,20.08,7393400,11.84
2002-05-31,20.84,21.35,20.78,21.08,5816100,12.43
2002-05-30,21.16,21.56,20.94,21.13,5899600,12.46
2002-05-29,21.54,21.85,21.35,21.56,6704400,12.71
2002-05-28,21.86,21.95,21.41,21.57,4760600,12.72
2002-05-24,21.76,22.06,21.6,21.72,7266400,12.8
2002-05-23,21.5,22.13,21.28,21.73,5946600,12.81
2002-05-22,21.81,21.89,21.05,21.43,5457200,12.63
2002-05-21,21.77,22.15,21.6,21.88,17774800,12.9
2002-05-20,20.7,21.17,20.55,20.58,3981300,12.13
2002-05-17,20.83,21.24,20.69,20.99,4994200,12.37
2002-05-16,21.0,21.0,20.41,20.68,4907600,12.19
2002-05-15,20.44,21.44,20.4,20.86,8403200,12.3
2002-05-14,20.28,20.5,20.0,20.44,4651400,12.05
2002-05-13,19.5,19.82,19.44,19.7,4170400,11.61
2002-05-10,19.82,20.07,19.38,19.42,5162100,11.45
2002-05-09,19.68,20.04,19.65,19.9,7287200,11.73
2002-05-08,20.19,20.21,19.28,19.69,7484100,11.61
2002-05-07,20.52,20.52,20.04,20.18,6573900,11.9
2002-05-06,20.18,20.92,19.99,20.14,4883600,11.87
2002-05-03,20.18,20.46,19.93,20.15,3330800,11.88
2002-05-02,19.96,20.4,19.95,20.18,5613000,11.9
2002-05-01,19.9,20.07,19.51,20.03,6662600,11.81
2002-04-30,19.88,20.12,19.83,19.97,6128800,11.77
2002-04-29,20.22,20.24,19.65,19.89,7334700,11.73
2002-04-26,21.12,21.16,20.14,20.23,6324000,11.93
2002-04-25,20.37,21.04,20.2,20.98,5036000,12.37
2002-04-24,20.35,20.92,20.15,20.36,4056800,12.0
2002-04-23,20.39,20.45,19.85,20.33,10877000,11.98
2002-04-22,20.61,20.81,20.22,20.39,8018400,12.02
2002-04-19,20.7,20.83,20.44,20.56,6374100,12.12
2002-04-18,21.03,21.03,20.28,20.49,7233300,12.08
2002-04-17,21.59,21.6,20.84,21.02,6827200,12.39
2002-04-16,21.6,21.74,21.46,21.6,5983400,12.73
2002-04-15,21.55,21.62,21.27,21.27,6330600,12.54
2002-04-12,21.45,21.65,21.29,21.33,7854800,12.57
2002-04-11,22.09,22.15,21.35,21.43,6583200,12.63
2002-04-10,21.89,22.45,21.89,22.14,11313000,13.05
2002-04-09,21.22,22.2,21.22,22.09,13804200,13.02
2002-04-08,20.43,21.19,20.4,21.11,6264300,12.44
2002-04-05,20.12,20.68,20.11,20.64,6721200,12.17
2002-04-04,19.77,20.32,19.76,20.1,3713800,11.85
2002-04-03,19.52,19.9,19.44,19.7,4142700,11.61
2002-04-02,19.92,19.98,19.2,19.34,3576900,11.4
2002-04-01,19.88,20.06,19.35,19.99,4830000,11.78
2002-03-28,20.08,20.1,19.72,19.97,3552200,11.77
2002-03-27,20.1,20.35,19.84,20.08,3143200,11.84
2002-03-26,19.78,20.28,19.74,20.11,4739100,11.86
2002-03-25,20.01,20.14,19.8,19.81,5562000,11.68
2002-03-22,19.86,20.21,19.73,20.04,7212900,11.81
2002-03-21,19.81,19.96,19.06,19.93,7250700,11.75
2002-03-20,19.96,20.1,19.68,19.81,7778800,11.68
2002-03-19,20.18,20.25,19.88,19.96,6551000,11.77
2002-03-18,20.67,20.75,19.94,20.12,8172000,11.86
2002-03-15,20.58,20.75,20.41,20.6,10031100,12.14
2002-03-14,20.35,20.65,20.31,20.58,8275200,12.13
2002-03-13,20.39,20.6,20.15,20.33,7663800,11.98
2002-03-12,19.92,20.64,19.76,20.61,10153400,12.15
2002-03-11,20.38,20.38,19.71,20.03,5243600,11.81
2002-03-08,20.49,20.93,20.29,20.39,5928200,12.02
2002-03-07,20.09,20.26,19.9,20.11,3693600,11.86
2002-03-06,19.79,20.27,19.5,20.15,10119600,11.88
2002-03-05,20.37,20.64,19.6,19.68,9924200,11.6
2002-03-04,20.34,20.82,19.85,20.0,11157200,11.79
2002-03-01,19.66,20.35,19.56,20.19,10960500,11.9
2002-02-28,19.17,19.93,19.1,19.67,7402600,11.6
2002-02-27,18.99,19.33,18.84,19.29,5644800,11.37
2002-02-26,18.92,19.02,18.6,18.99,3407700,11.19
2002-02-25,18.51,19.02,18.45,18.95,3243400,11.17
2002-02-22,18.54,18.57,17.86,18.5,4780000,10.91
2002-02-21,18.89,19.04,18.46,18.57,3528900,10.95
2002-02-20,18.51,19.01,18.36,18.91,2932400,11.15
2002-02-19,18.89,19.18,18.15,18.45,4191900,10.88
2002-02-15,18.93,19.08,18.73,19.03,5652900,11.22
2002-02-14,18.95,19.17,18.51,18.73,6388400,11.04
2002-02-13,18.16,18.96,18.15,18.94,9375900,11.17
2002-02-12,17.52,18.05,17.4,17.83,4132800,10.51
2002-02-11,16.58,17.75,16.5,17.75,7011300,10.46
2002-02-08,17.14,17.19,16.01,16.64,12628600,9.81
2002-02-07,17.1,17.25,16.89,17.17,7682600,10.12
2002-02-06,17.65,17.7,16.66,16.97,8083000,10.0
2002-02-05,17.89,17.96,17.44,17.64,3360200,10.4
2002-02-04,17.93,18.31,17.69,17.84,3461700,10.52
2002-01-31,18.2,18.35,18.07,18.22,4339500,10.74
2002-01-30,18.4,18.4,17.85,18.0,4882200,10.61
2002-01-29,18.85,18.98,18.05,18.3,4575800,10.79
2002-01-28,18.49,18.98,18.45,18.83,4182900,11.1
2002-01-25,18.58,18.65,18.4,18.59,8999100,10.96
2002-01-24,18.06,18.85,18.06,18.66,8162200,11.0
2002-01-23,18.08,18.3,17.85,18.16,8374500,10.71
2002-01-22,17.98,18.29,17.71,17.86,4704300,10.53
2002-01-18,17.7,18.11,17.64,17.98,6016800,10.6
2002-01-17,17.5,18.0,17.48,18.0,6197000,10.61
2002-01-16,17.66,17.75,17.39,17.49,5732800,10.31
2002-01-15,17.82,18.01,17.6,17.86,6690300,10.53
2002-01-14,17.91,18.0,17.35,17.76,5031900,10.47
2002-01-11,17.76,18.15,17.75,17.91,5709900,10.56
2002-01-10,17.51,17.99,17.25,17.66,4715100,10.41
2002-01-09,17.72,18.1,17.5,17.52,6740400,10.33
2002-01-08,18.08,18.09,17.5,17.7,7702000,10.43
2002-01-07,18.45,18.57,17.94,18.03,5408100,10.63
2002-01-04,18.2,18.52,18.15,18.44,7673200,10.87
2002-01-03,18.22,18.3,18.02,18.16,5580900,10.71
2002-01-02,18.66,18.67,18.09,18.17,7935900,10.71
2001-12-31,19.07,19.37,18.67,18.7,6231600,11.02
2001-12-28,19.17,19.45,19.03,19.2,6580600,11.32
2001-12-27,18.65,19.21,18.64,19.11,7412400,11.27
2001-12-26,18.99,19.05,18.5,18.81,4268400,11.09
2001-12-24,18.51,19.01,18.5,18.95,2088600,11.17
2001-12-21,17.91,18.89,17.86,18.41,8903100,10.85
2001-12-20,18.31,18.95,18.05,18.11,9119600,10.68
2001-12-19,18.05,18.76,18.0,18.48,3886200,10.89
2001-12-18,18.31,18.65,18.18,18.3,5646300,10.79
2001-12-17,17.66,18.54,17.53,18.03,8212400,10.63
2001-12-14,17.17,17.85,17.17,17.55,6575700,10.35
2001-12-13,17.31,17.66,16.97,17.2,6792400,10.14
2001-12-12,17.81,17.93,17.1,17.35,5840700,10.23
2001-12-11,17.65,18.0,17.36,17.92,4993600,10.56
2001-12-10,17.9,18.4,17.56,17.65,6115800,10.4
2001-12-07,18.65,18.71,17.88,18.16,7214000,10.71
2001-12-06,18.56,19.04,18.5,18.92,9907000,11.15
2001-12-05,17.43,18.77,17.43,18.73,19400400,11.04
2001-12-04,17.34,17.58,17.2,17.4,6455200,10.26
2001-12-03,17.5,17.54,17.03,17.34,4345600,10.22
2001-11-30,17.83,17.91,17.54,17.6,4139400,10.38
2001-11-29,17.95,18.03,17.59,17.88,4365200,10.54
2001-11-28,17.75,18.05,17.45,17.9,5163300,10.55
2001-11-27,17.96,18.13,17.6,17.95,4257800,10.58
2001-11-26,17.95,18.35,17.65,18.3,6601500,10.79
2001-11-23,17.64,17.96,17.39,17.87,3255900,10.53
2001-11-21,18.45,18.5,17.47,17.63,8091800,10.39
2001-11-20,18.74,18.99,18.28,18.41,11019400,10.85
2001-11-19,18.0,18.73,17.9,18.66,6291000,11.0
2001-11-16,18.26,18.6,17.75,17.97,8664900,10.59
2001-11-15,17.73,18.87,17.7,18.34,10366600,10.81
2001-11-14,17.43,17.75,17.4,17.75,6661500,10.46
2001-11-13,17.07,17.35,17.05,17.27,7448600,10.18
2001-11-12,17.05,17.15,16.3,17.01,3693600,10.03
2001-11-09,16.78,17.25,16.31,17.15,6013400,10.11
2001-11-08,17.42,17.65,16.62,16.79,7925000,9.9
2001-11-07,16.66,17.5,16.61,17.23,10339500,10.16
2001-11-06,16.36,16.74,15.89,16.73,9222600,9.86
2001-11-05,15.64,16.52,15.6,16.5,5868300,9.73
2001-11-02,15.13,15.75,14.9,15.6,2865300,9.2
2001-11-01,14.55,15.3,14.27,15.25,3183900,8.99
2001-10-31,14.51,15.1,14.4,14.58,4595100,8.6
2001-10-30,14.49,14.63,13.85,14.46,6342300,8.52
2001-10-29,15.28,15.4,14.68,14.7,3354200,8.67
2001-10-26,15.64,15.75,15.1,15.56,2679000,9.17
2001-10-25,15.18,15.8,14.75,15.76,3264200,9.29
2001-10-24,15.91,15.98,15.36,15.53,4583200,9.16
2001-10-23,15.97,15.98,15.54,15.82,5720100,9.33
2001-10-22,15.38,16.0,15.13,15.83,4205700,9.33
2001-10-19,14.94,15.74,14.85,15.45,4197400,9.11
2001-10-18,14.88,15.34,14.8,15.09,3537000,8.9
2001-10-17,16.11,16.15,14.85,15.05,5925800,8.87
2001-10-16,16.05,16.25,15.76,15.98,5873000,9.42
2001-10-15,15.55,16.03,15.42,15.78,3747400,9.3
2001-10-12,15.44,15.68,15.2,15.63,7760800,9.21
2001-10-11,14.93,15.6,14.64,15.56,7383000,9.17
2001-10-10,14.25,14.8,14.18,14.23,4835700,8.39
2001-10-09,14.18,14.44,14.08,14.21,3220800,8.38
2001-10-08,14.29,14.4,14.02,14.05,3905800,8.28
2001-10-05,14.13,14.55,13.82,14.41,5918200,8.49
2001-10-04,14.54,14.68,13.95,14.08,6554000,8.3
2001-10-03,13.61,14.94,13.6,14.86,6792200,8.76
2001-10-02,13.57,14.02,13.24,13.94,6487200,8.22
2001-10-01,12.86,13.85,12.83,13.65,5936000,8.05
2001-09-28,12.55,13.47,12.3,13.35,12203000,7.87
2001-09-27,11.93,12.0,11.02,11.56,11556800,6.81
2001-09-26,12.76,12.78,11.75,12.02,5171700,7.09
2001-09-25,12.4,12.79,12.16,12.55,5950600,7.4
2001-09-24,12.02,12.61,12.0,12.55,5412800,7.4
2001-09-21,11.56,12.05,11.23,12.02,10146400,7.09
2001-09-20,12.75,12.76,11.58,12.09,8274600,7.13
2001-09-19,12.99,13.2,12.37,13.02,8543000,7.68
2001-09-18,13.14,13.41,12.91,12.92,6282000,7.62
2001-09-17,14.2,14.25,12.6,12.99,9564200,7.66
2001-09-10,14.46,14.9,14.22,14.66,4593800,8.64
2001-09-07,15.04,15.13,14.53,14.63,7357400,8.62
2001-09-06,15.23,15.63,15.04,15.2,5147100,8.96
2001-09-05,15.44,15.55,15.04,15.46,6054200,9.11
2001-09-04,15.14,16.03,14.96,15.47,7950900,9.12
2001-08-31,14.74,15.36,14.74,15.05,2579600,8.87
2001-08-30,14.85,15.1,14.76,14.87,5728600,8.77
2001-08-29,15.0,15.05,14.59,14.92,5516100,8.8
2001-08-28,15.27,15.5,14.86,15.03,3703500,8.86
2001-08-27,15.38,15.74,15.13,15.38,6998200,9.07
2001-08-24,15.18,15.43,15.05,15.4,7417500,9.08
2001-08-23,15.19,15.49,14.95,15.17,8280400,8.94
2001-08-22,15.2,15.2,14.85,15.2,22593400,8.96
2001-08-21,16.04,16.05,15.12,15.29,12346800,9.01
2001-08-20,15.84,16.22,15.7,16.22,6767800,9.56
2001-08-17,15.76,16.0,15.62,15.98,4686000,9.42
2001-08-16,15.53,15.96,15.35,15.96,2238300,9.41
2001-08-15,15.78,15.88,15.36,15.65,3273200,9.23
2001-08-14,15.95,16.07,15.5,15.88,3899100,9.36
2001-08-13,15.12,16.0,15.08,15.94,7093800,9.4
2001-08-10,14.87,15.21,14.82,15.15,5588800,8.93
2001-08-09,14.89,15.05,14.25,15.0,4732600,8.84
2001-08-08,14.9,15.39,14.62,14.95,2773800,8.81
2001-08-07,14.98,15.23,14.9,15.05,2808900,8.87
2001-08-06,14.84,15.07,14.75,14.96,2946300,8.82
2001-08-03,15.19,15.32,14.7,14.99,2415600,8.84
2001-08-02,14.88,15.3,14.7,15.2,3424600,8.96
2001-08-01,14.99,15.05,14.68,14.93,2530500,8.8
2001-07-31,14.6,15.08,14.55,14.99,5279100,8.84
2001-07-30,14.55,14.93,14.25,14.6,3109000,8.61
2001-07-27,14.81,14.86,14.45,14.56,3513900,8.58
2001-07-26,15.05,15.21,14.47,14.9,2910200,8.78
2001-07-25,15.0,15.1,14.95,15.01,3758800,8.85
2001-07-24,15.1,15.25,14.9,15.07,7861200,8.88
2001-07-23,14.84,15.55,14.83,15.17,8750000,8.94
2001-07-20,14.09,15.15,14.09,14.85,8108400,8.75
2001-07-19,13.99,14.75,13.95,14.15,7850100,8.34
2001-07-18,13.84,13.96,13.78,13.92,6713200,8.21
2001-07-17,13.83,13.95,13.74,13.83,4892400,8.15
2001-07-16,13.98,14.05,13.76,13.8,3367400,8.14
2001-07-13,13.85,14.05,13.46,14.03,5103800,8.27
2001-07-12,14.26,14.29,13.82,13.84,8090100,8.16
2001-07-11,14.28,14.41,13.81,14.1,7596200,8.31
2001-07-10,14.73,14.75,14.18,14.25,5971500,8.4
2001-07-09,14.66,14.76,14.46,14.75,2607800,8.7
2001-07-06,14.82,14.83,14.41,14.73,2202600,8.68
2001-07-05,15.05,15.24,14.81,14.85,3116100,8.75
2001-07-03,15.39,15.4,15.09,15.16,2267000,8.94
2001-07-02,15.18,15.5,15.13,15.43,4537400,9.1
2001-06-29,14.5,16.0,14.25,15.99,3634200,9.43
2001-06-28,14.32,15.0,14.27,14.74,4061600,8.69
2001-06-27,14.31,14.41,14.05,14.26,4626600,8.41
2001-06-26,14.27,14.44,14.17,14.32,3550200,8.44
2001-06-25,14.35,14.43,14.18,14.3,2738400,8.43
2001-06-22,14.84,14.84,14.11,14.22,3950200,8.38
2001-06-21,14.6,15.15,14.25,14.99,5761200,8.84
2001-06-20,14.37,14.65,14.32,14.63,3979600,8.62
2001-06-19,14.53,14.6,14.33,14.37,4057500,8.47
2001-06-18,14.4,14.6,14.24,14.4,3421800,8.49
2001-06-15,14.16,14.55,14.05,14.44,5399400,8.51
2001-06-14,14.23,14.49,14.12,14.23,4672200,8.39
2001-06-13,14.55,14.68,14.21,14.27,4545200,8.41
2001-06-12,14.14,14.55,13.99,14.52,5435200,8.56
2001-06-11,14.44,14.61,14.09,14.17,2616300,8.35
2001-06-08,14.59,14.63,14.19,14.42,3407800,8.5
2001-06-07,14.16,14.61,14.15,14.6,4858500,8.61
2001-06-06,14.3,14.38,14.13,14.26,5281800,8.41
2001-06-05,14.32,14.85,14.22,14.3,12150400,8.43
2001-06-04,14.65,14.67,14.1,14.35,6747800,8.46
2001-06-01,14.54,14.81,14.16,14.54,4256600,8.57
2001-05-31,14.36,14.7,14.32,14.5,6682500,8.55
2001-05-30,14.55,14.6,14.08,14.32,7763400,8.44
2001-05-29,15.15,15.19,14.74,14.78,7065800,8.71
2001-05-25,15.44,15.65,15.15,15.24,3813200,8.98
2001-05-24,15.87,15.88,15.5,15.54,4797600,9.16
2001-05-23,16.05,16.07,15.81,15.88,13405200,9.36
2001-05-22,15.4,16.49,15.38,16.31,13219500,9.61
2001-05-21,15.62,15.62,15.23,15.52,16149600,9.15
2001-05-18,16.07,16.13,15.6,15.64,6221200,9.22
2001-05-17,16.03,16.3,16.0,16.21,6328000,9.56
2001-05-16,15.49,16.34,15.45,16.23,11702800,9.57
2001-05-15,16.46,16.8,16.37,16.6,3561400,9.79
2001-05-14,15.95,16.66,15.9,16.47,4569800,9.71
2001-05-11,16.02,16.3,15.96,15.97,2186400,9.41
2001-05-10,15.97,17.0,15.9,16.06,4752900,9.47
2001-05-09,16.13,16.13,15.54,15.72,5341500,9.27
2001-05-08,15.87,16.42,15.65,16.3,5327000,9.61
2001-05-07,16.18,16.18,15.71,15.81,4352000,9.32
2001-05-04,15.97,16.25,15.72,16.2,3765600,9.55
2001-05-03,16.59,16.76,16.14,16.33,3199500,9.63
2001-05-02,16.4,17.0,16.22,16.84,4981800,9.93
2001-05-01,16.11,16.42,15.72,16.35,7798400,9.64
2001-04-30,16.78,16.83,15.93,16.27,4580600,9.59
2001-04-27,16.11,16.85,16.11,16.72,3810600,9.86
2001-04-26,16.0,16.21,15.81,16.02,4230600,9.44
2001-04-25,15.98,16.35,15.81,15.87,6083400,9.36
2001-04-24,16.6,16.65,15.73,15.85,5924100,9.34
2001-04-23,16.74,17.24,16.51,16.61,4985800,9.79
2001-04-20,16.39,17.06,16.35,16.81,6457200,9.91
2001-04-19,16.9,17.23,16.49,17.06,5720800,10.06
2001-04-18,16.47,17.56,16.36,17.3,9563400,10.2
2001-04-17,16.09,16.53,16.07,16.44,4304800,9.69
2001-04-16,16.3,16.69,16.02,16.34,4143400,9.63
2001-04-12,15.87,16.64,15.83,16.41,6137800,9.67
2001-04-11,16.58,16.59,16.2,16.24,7776900,9.57
2001-04-10,15.77,16.56,15.77,16.54,8531000,9.75
2001-04-09,14.8,15.58,14.8,15.57,10587300,9.18
2001-04-06,14.62,15.06,14.5,14.88,3639400,8.77
2001-04-05,14.44,15.56,14.37,14.98,8247000,8.83
2001-04-04,14.19,14.75,14.06,14.44,5435700,8.51
2001-04-03,14.37,14.56,14.13,14.25,5937900,8.4
2001-04-02,14.81,15.25,14.25,14.56,4548200,8.58
2001-03-30,14.5,14.94,14.5,14.88,4272800,8.77
2001-03-29,14.62,15.06,14.37,14.62,6009900,8.62
2001-03-28,14.5,14.91,14.19,14.88,8983200,8.77
2001-03-27,15.0,15.06,14.31,14.62,9763400,8.62
2001-03-26,15.19,15.38,14.56,14.94,13019600,8.81
2001-03-23,15.69,15.75,14.5,15.12,13800900,8.92
2001-03-22,15.5,15.69,15.0,15.63,6696400,9.21
2001-03-21,15.81,16.06,15.38,15.63,6039900,9.21
2001-03-20,16.38,17.13,15.75,15.75,9006800,9.28
2001-03-19,15.81,16.38,15.5,16.25,4080900,9.58
2001-03-16,15.52,15.92,15.25,15.69,6839700,9.25
2001-03-15,16.62,16.75,15.94,16.0,3423600,9.43
2001-03-14,16.25,17.0,16.12,16.62,9364000,9.8
2001-03-13,15.87,16.5,15.69,16.5,10046400,9.73
2001-03-12,16.38,17.06,15.38,15.44,9605800,9.1
2001-03-09,17.44,17.62,16.94,17.13,7349800,10.1
2001-03-08,16.44,17.69,16.38,17.56,9312900,10.35
2001-03-07,16.06,16.75,15.94,16.5,5891600,9.73
2001-03-06,15.12,16.56,15.0,15.94,17701200,9.4
2001-03-05,14.88,15.06,14.5,14.81,5309600,8.73
2001-03-02,14.81,14.94,14.5,14.88,4800000,8.77
2001-03-01,14.81,15.0,14.31,14.94,8625000,8.81
2001-02-28,15.12,15.12,14.56,14.88,10147500,8.77
2001-02-27,15.63,15.63,15.06,15.19,9744000,8.95
2001-02-26,15.38,15.81,15.38,15.69,9182000,9.25
2001-02-23,15.0,15.75,14.94,15.38,11289000,9.06
2001-02-22,15.72,15.87,14.69,15.0,8075400,8.84
2001-02-21,16.5,16.75,15.25,15.56,5607200,9.17
2001-02-20,16.25,17.0,16.25,16.75,9826800,9.87
2001-02-16,16.12,16.88,16.06,16.19,9738900,9.54
2001-02-15,16.88,16.94,16.25,16.62,10764400,9.8
2001-02-14,16.69,17.13,16.56,16.94,6558800,9.98
2001-02-13,16.62,16.94,16.56,16.69,8964600,9.84
2001-02-12,15.25,16.81,15.25,16.69,6462600,9.84
2001-02-09,16.25,16.25,15.19,15.63,6622200,9.21
2001-02-08,16.53,17.06,15.81,16.38,7506200,9.65
2001-02-07,16.19,17.13,16.12,16.75,4964700,9.87
2001-02-06,16.06,16.94,16.0,16.19,7837500,9.54
2001-02-05,16.31,16.5,15.12,16.0,7510500,9.43
2001-02-02,17.81,18.06,15.81,16.25,17631600,9.58
2001-02-01,16.38,18.06,16.25,18.06,20099700,10.65
2001-01-31,15.87,16.88,15.63,16.56,10143400,9.76
2001-01-30,16.25,16.31,15.38,15.94,11797800,9.4
2001-01-29,15.0,16.75,14.94,16.31,22026300,9.62
2001-01-26,13.5,15.44,13.44,15.44,26597800,9.1
2001-01-25,14.56,14.56,13.88,14.31,9609300,8.44
2001-01-24,14.47,14.69,14.31,14.5,7609600,8.55
2001-01-23,14.31,14.5,14.0,14.37,10253600,8.47
2001-01-22,14.62,14.75,14.25,14.25,8970000,8.4
2001-01-19,14.88,14.94,13.75,14.62,13994400,8.62
2001-01-18,14.41,15.06,14.37,14.81,15406200,8.73
2001-01-17,14.03,14.81,14.0,14.19,11135800,8.36
2001-01-16,13.5,14.13,13.06,13.88,12755700,8.18
2001-01-12,14.25,14.31,13.38,13.5,15079200,7.96
2001-01-11,14.56,14.56,13.94,14.31,6792000,8.44
2001-01-10,14.19,14.81,14.13,14.62,15952000,8.62
2001-01-09,13.75,14.19,13.56,13.75,9278200,8.11
2001-01-08,14.19,14.31,13.44,13.75,8144800,8.11
2001-01-05,14.78,14.81,14.13,14.13,10074900,8.33
2001-01-04,14.03,15.0,13.81,14.81,28004400,8.73
2001-01-03,12.06,14.62,12.0,14.62,16513200,8.62
2001-01-02,11.69,12.56,11.69,12.12,10127800,7.15
2000-12-29,11.19,12.38,11.19,11.81,9569100,6.96
2000-12-28,11.06,11.5,11.0,11.25,12562500,6.63
2000-12-27,10.97,11.37,10.94,11.25,17116400,6.63
2000-12-26,10.94,11.13,10.81,11.0,9224200,6.48
2000-12-22,11.13,11.31,10.88,11.13,6113400,6.56
2000-12-21,11.06,11.44,10.94,11.19,7453800,6.6
2000-12-20,11.25,11.25,10.62,11.13,10049200,6.56
2000-12-19,12.75,12.81,11.37,11.56,8903700,6.82
2000-12-18,12.81,12.87,12.38,12.56,7931200,7.41
2000-12-15,12.87,13.06,12.69,12.87,23464500,7.59
2000-12-14,13.44,13.5,12.94,13.25,15376600,7.81
2000-12-13,13.59,13.75,13.44,13.44,8462100,7.92
2000-12-12,12.84,13.75,12.75,13.56,11725800,8.0
2000-12-11,12.94,13.12,12.75,12.87,7243800,7.59
2000-12-08,12.31,13.19,12.12,13.0,7361000,7.66
2000-12-07,11.88,12.56,11.81,12.38,6160500,7.3
2000-12-06,12.69,13.25,11.88,12.06,10994000,7.11
2000-12-05,12.12,12.87,12.12,12.81,8114400,7.55
2000-12-04,12.31,12.38,11.88,12.12,8616300,7.15
2000-12-01,12.12,12.38,12.0,12.31,11915600,7.26
2000-11-30,12.0,12.12,11.75,12.0,10646800,7.07
2000-11-29,12.12,12.25,11.88,12.12,7580200,7.15
2000-11-28,11.62,12.19,11.56,12.16,15712600,7.17
2000-11-27,12.0,12.25,11.5,11.62,12769500,6.85
2000-11-24,12.03,12.19,11.88,12.0,4820100,7.07
2000-11-22,11.62,12.56,11.5,12.12,7784200,7.15
2000-11-21,11.94,12.19,11.31,11.75,8746000,6.93
2000-11-20,11.88,12.12,11.81,12.0,5673800,7.07
2000-11-17,11.88,12.12,11.81,12.0,6532800,7.07
2000-11-16,12.0,12.25,11.75,11.94,7670400,7.04
2000-11-15,10.75,12.25,10.69,12.19,13307800,7.18
2000-11-14,10.69,11.19,10.56,10.75,51066800,6.34
2000-11-13,11.31,11.5,10.88,11.37,20430900,6.71
2000-11-10,12.31,12.38,11.44,11.56,16075200,6.82
2000-11-09,12.75,13.0,12.06,12.38,17459100,7.3
2000-11-08,13.62,13.62,12.75,13.25,11315700,7.81
2000-11-07,13.0,13.69,12.31,13.69,10053200,8.07
2000-11-06,13.38,13.69,12.31,13.06,11564700,7.7
2000-11-03,15.0,15.0,12.75,13.19,19398600,7.77
2000-11-02,14.62,15.12,14.62,15.0,11699000,8.84
2000-11-01,14.34,15.12,14.25,14.69,9133600,8.66
2000-10-31,13.38,15.12,13.19,14.25,18867900,8.4
2000-10-30,12.81,13.19,12.75,13.0,9914200,7.66
2000-10-27,11.56,12.94,11.5,12.87,13662200,7.59
2000-10-26,11.5,11.56,11.25,11.56,9182800,6.82
2000-10-25,11.88,11.88,11.44,11.5,10780500,6.78
2000-10-24,11.97,12.0,11.56,11.69,13237400,6.89
2000-10-23,12.06,12.19,11.88,11.95,7754400,7.05
2000-10-20,12.44,12.56,12.0,12.06,18323800,7.11
2000-10-19,11.56,12.61,11.5,12.44,15482000,7.33
2000-10-18,10.94,11.75,10.25,11.44,12387800,6.74
2000-10-17,11.37,11.56,10.94,11.0,18584200,6.48
2000-10-16,12.44,12.5,10.94,11.06,21625800,6.52
2000-10-13,12.12,12.81,12.0,12.44,13098800,7.33
2000-10-12,13.06,13.06,11.94,12.06,15761100,7.11
2000-10-11,13.31,13.38,12.81,13.06,16241700,7.7
2000-10-10,12.81,13.5,12.75,13.44,14310300,7.92
2000-10-09,12.87,13.0,12.75,12.75,11019000,7.52
2000-10-06,13.25,13.38,12.0,12.94,23449200,7.63
2000-10-05,13.56,13.94,12.75,13.25,31453800,7.81
2000-10-04,14.06,14.5,13.88,14.06,12356600,8.29
2000-10-03,14.09,14.25,13.94,14.19,7389300,8.36
2000-10-02,14.25,14.5,14.0,14.13,5785200,8.33
2000-09-29,14.31,14.44,13.81,14.19,8006200,8.36
2000-09-28,14.28,14.75,14.19,14.31,5206800,8.44
2000-09-27,14.19,14.69,14.06,14.31,5632800,8.44
2000-09-26,14.5,14.56,13.75,14.19,9368100,8.36
2000-09-25,14.75,14.88,14.56,14.56,6420600,8.58
2000-09-22,14.37,14.94,14.0,14.37,11157000,8.47
2000-09-21,14.81,14.94,13.69,14.44,16498500,8.51
2000-09-20,14.88,15.31,14.69,14.81,6308800,8.73
2000-09-19,15.12,15.31,14.69,15.06,6828600,8.88
2000-09-18,15.25,15.5,14.37,14.94,10640600,8.81
2000-09-15,15.75,15.81,15.0,15.12,11513200,8.92
2000-09-14,15.94,16.44,15.5,15.56,6894300,9.17
2000-09-13,16.44,16.88,15.63,15.94,12781200,9.4
2000-09-12,16.88,17.06,16.56,16.62,9363400,9.8
2000-09-11,16.06,17.06,16.0,16.75,8808600,9.87
2000-09-08,15.69,16.19,15.63,16.06,4640600,9.47
2000-09-07,16.19,16.19,15.63,15.75,5031400,9.28
2000-09-06,16.06,16.31,16.0,16.06,10378000,9.47
2000-09-05,16.0,16.12,15.69,15.94,8922000,9.4
2000-09-01,15.5,15.87,15.38,15.81,5131000,9.32
2000-08-31,16.12,16.19,15.12,15.38,7642600,9.06
2000-08-30,15.69,16.38,15.63,16.06,8779400,9.47
2000-08-25,16.0,16.81,15.69,15.87,4219600,9.36
2000-08-24,16.44,16.56,15.56,15.94,7368300,9.4
2000-08-23,16.88,16.88,16.38,16.38,5584000,9.65
2000-08-22,16.62,16.81,16.56,16.64,6152200,9.81
2000-08-21,16.78,16.81,16.38,16.5,7414000,9.73
2000-08-18,16.81,17.0,16.69,16.69,9169200,9.84
2000-08-17,16.69,17.13,16.69,16.88,9613400,9.95
2000-08-16,17.25,17.25,16.56,16.75,8592400,9.87
2000-08-15,17.62,17.94,16.69,17.44,9773100,10.28
2000-08-14,17.5,18.25,17.37,18.12,6030800,10.68
2000-08-11,17.06,17.94,16.69,17.44,7532800,10.28
2000-08-10,18.06,18.09,16.5,16.88,11291700,9.95
2000-08-09,17.5,18.38,17.5,17.94,11100800,10.57
2000-08-08,16.94,18.25,16.88,17.56,37032300,10.35
2000-08-07,14.5,15.48,14.06,15.31,6819200,9.03
2000-08-04,14.88,15.06,14.37,14.44,8220800,8.51
2000-08-03,13.44,14.62,13.41,14.5,12687000,8.55
2000-08-02,13.38,14.13,13.31,13.88,15335100,8.18
2000-08-01,13.81,14.25,13.19,13.31,11362500,7.85
2000-07-31,14.06,14.37,13.5,13.81,7699600,8.14
2000-07-28,14.31,14.5,13.81,14.0,6429900,8.25
2000-07-27,15.06,15.06,14.37,14.5,6646400,8.55
2000-07-26,15.12,15.25,14.88,14.94,7896900,8.81
2000-07-25,15.31,15.5,15.0,15.5,10228800,9.14
2000-07-24,15.19,15.5,15.0,15.25,9104200,8.99
2000-07-21,15.0,15.31,14.94,15.19,6386000,8.95
2000-07-20,15.31,15.38,14.88,15.0,11535600,8.84
2000-07-19,15.0,15.63,14.94,15.44,13793000,9.1
2000-07-18,14.94,15.31,14.88,15.0,9113400,8.84
2000-07-17,15.5,15.63,14.94,14.94,8777700,8.81
2000-07-14,15.69,15.81,15.31,15.56,10182200,9.17
2000-07-13,15.94,16.0,15.25,15.56,7157600,9.17
2000-07-12,16.81,16.94,15.94,16.25,6270400,9.58
2000-07-11,17.62,17.69,16.69,16.94,4509900,9.98
2000-07-10,16.81,17.88,16.06,17.62,6429400,10.39
2000-07-07,16.12,17.0,16.06,16.88,6227800,9.95
2000-07-06,15.47,16.06,15.31,16.06,4442700,9.47
2000-07-05,15.31,15.75,15.25,15.56,3800800,9.17
2000-07-03,15.5,15.56,15.12,15.38,1762000,9.06
2000-06-30,15.06,15.5,15.0,15.38,7289700,9.06
2000-06-29,15.38,15.44,14.94,15.25,6518800,8.99
2000-06-28,15.38,15.63,15.25,15.44,9975400,9.1
2000-06-27,15.44,15.5,14.75,15.25,10851600,8.99
2000-06-26,15.12,16.0,15.12,15.5,8001000,9.14
2000-06-23,15.81,16.06,15.0,15.19,16588800,8.95
2000-06-22,17.62,17.69,16.62,17.0,8106400,10.02
2000-06-21,17.81,17.94,17.5,17.69,5302400,10.43
2000-06-20,18.38,18.5,17.5,18.12,6427000,10.68
2000-06-19,17.88,18.81,17.44,18.63,7383600,10.98
2000-06-16,17.0,18.63,16.94,18.38,15416600,10.83
2000-06-15,16.5,17.0,16.38,17.0,6701000,10.02
2000-06-14,16.56,16.88,16.12,16.69,8222100,9.84
2000-06-13,15.75,16.69,15.75,16.5,9372600,9.73
2000-06-12,15.66,16.06,15.5,15.87,12522800,9.36
2000-06-08,14.62,15.31,14.56,15.19,8631800,8.95
2000-06-07,14.06,14.62,13.5,14.56,10286600,8.58
2000-06-06,14.81,14.81,13.75,14.06,10208000,8.29
2000-06-05,15.19,15.25,14.56,14.81,5004000,8.73
2000-06-01,14.75,15.06,14.56,14.81,9490500,8.73
2000-05-31,15.06,15.11,14.56,14.75,16151200,8.7
2000-05-30,16.06,16.31,14.81,15.0,16790800,8.84
2000-05-26,16.0,16.75,15.62,15.75,14608800,9.28
2000-05-25,17.5,18.13,16.94,16.94,6664600,9.98
2000-05-24,17.69,17.75,16.63,17.5,9942900,10.32
2000-05-23,17.25,18.06,17.25,17.75,7638200,10.46
2000-05-22,17.12,17.38,16.63,17.19,5023800,10.13
2000-05-19,17.25,17.44,16.75,16.94,6711800,9.98
2000-05-18,17.25,17.75,17.25,17.56,6936600,10.35
2000-05-17,17.5,17.5,16.37,17.19,12276900,10.13
2000-05-16,19.25,19.75,17.31,17.31,13852000,10.21
2000-05-15,18.31,19.44,18.19,19.12,7510600,11.27
2000-05-12,17.69,18.62,17.69,18.0,4770200,10.61
2000-05-11,17.0,18.0,17.0,17.75,3617400,10.46
2000-05-10,16.44,17.69,16.37,16.94,9703800,9.98
2000-05-09,17.06,17.12,16.0,16.56,7631400,9.76
2000-05-08,17.12,17.12,16.81,17.0,4285000,10.02
2000-05-05,17.25,17.5,17.0,17.06,6936200,10.06
2000-05-04,17.75,17.75,17.0,17.31,5763400,10.21
2000-05-03,18.75,18.81,16.81,17.19,12500800,10.13
2000-05-02,19.56,19.88,18.88,19.0,2729000,11.2
2000-05-01,19.12,19.94,18.81,19.81,5318200,11.68
2000-04-28,19.69,19.69,18.62,19.06,5836200,11.24
2000-04-27,18.75,20.0,18.13,19.69,6145600,11.61
2000-04-26,19.19,19.69,18.88,19.0,4403800,11.2
2000-04-25,18.5,19.66,18.5,19.37,7207200,11.42
2000-04-24,18.0,18.75,17.81,18.38,5599000,10.83
2000-04-20,18.38,18.5,17.94,18.06,8435800,10.65
2000-04-19,18.62,18.94,17.69,18.25,6639900,10.76
2000-04-18,18.13,18.75,17.5,18.56,9452800,10.94
2000-04-17,18.69,19.44,17.94,18.13,12100000,10.68
2000-04-14,19.75,20.31,19.0,19.0,7239600,11.2
2000-04-13,20.25,21.94,20.0,20.0,10398300,11.79
2000-04-12,18.69,21.25,18.69,20.0,11971000,11.79
2000-04-11,18.69,19.25,18.06,18.56,7182200,10.94
2000-04-10,19.19,19.25,18.62,18.75,4915600,11.05
2000-04-07,19.12,19.25,18.81,19.0,5451000,11.2
2000-04-06,19.37,19.5,18.81,18.88,7861000,11.13
2000-04-05,19.63,19.63,19.0,19.19,8184200,11.31
2000-04-04,20.81,20.87,18.75,19.5,11525100,11.5
2000-04-03,20.06,21.98,20.06,20.75,7977900,12.23
2000-03-31,20.38,20.69,19.63,20.0,7911800,11.79
2000-03-30,19.81,20.56,19.69,20.39,5342800,12.02
2000-03-29,19.81,20.5,19.69,19.88,7975500,11.72
2000-03-28,19.94,20.19,19.69,19.69,9530400,11.61
2000-03-27,20.94,21.0,20.0,20.12,8467500,11.86
2000-03-24,21.25,21.5,20.0,20.87,6741300,12.31
2000-03-23,21.25,21.94,20.81,21.13,6219400,12.45
2000-03-22,22.37,22.37,20.75,22.06,7296900,13.01
2000-03-21,21.19,22.5,20.75,22.37,7915600,13.19
2000-03-20,22.0,22.0,20.75,21.13,4564800,12.45
2000-03-17,22.44,23.0,21.44,22.12,9362200,13.04
2000-03-16,20.25,23.38,20.12,22.88,17471200,13.49
2000-03-15,18.5,20.12,18.25,20.0,8385200,11.79
2000-03-14,18.94,19.25,18.38,18.56,8964300,10.94
2000-03-13,18.88,19.37,18.31,18.56,12193500,10.94
2000-03-10,19.63,20.69,19.25,19.37,7301700,11.42
2000-03-09,19.25,19.69,19.12,19.44,10116300,11.46
2000-03-08,19.5,19.75,18.88,19.12,10445400,11.27
2000-03-07,20.69,20.75,18.88,19.37,13795400,11.42
2000-03-06,21.75,21.75,20.12,20.19,9928200,11.9
2000-03-03,22.25,22.56,21.0,21.75,15071700,12.82
2000-03-02,24.62,25.0,21.5,21.62,23097900,12.75
2000-03-01,26.75,26.94,25.56,26.31,5982800,15.51
2000-02-29,24.94,27.19,24.88,27.0,16158600,15.92
2000-02-28,21.88,25.12,21.88,24.88,6915000,14.66
2000-02-25,22.63,23.12,21.5,21.88,5073000,12.9
2000-02-24,22.81,22.81,21.38,22.25,8651000,13.12
2000-02-22,23.44,23.87,22.94,23.38,7929000,13.78
2000-02-18,24.0,24.0,22.75,22.94,8646800,13.52
2000-02-17,24.62,25.12,22.88,23.87,8257600,14.07
2000-02-16,24.88,25.12,23.75,24.38,9830100,14.37
2000-02-15,26.69,26.69,24.81,25.0,9761400,14.74
2000-02-14,27.75,27.88,26.38,27.19,4641600,16.03
2000-02-11,27.5,28.69,23.38,28.06,9594600,16.54
2000-02-10,25.75,28.12,25.25,27.81,8275800,16.4
2000-02-09,26.62,27.31,25.81,25.88,5763300,15.25
2000-02-08,26.0,27.0,24.81,26.75,6544000,15.77
2000-02-07,25.94,25.94,25.0,25.81,3835200,15.22
2000-02-04,24.88,26.94,24.88,26.0,9024300,15.33
2000-02-03,24.94,25.06,23.81,24.88,6126000,14.66
2000-02-02,24.0,25.25,23.81,24.75,9066000,14.59
2000-02-01,24.0,24.5,22.69,23.56,6158400,13.89
